"maternalAge" "ID" "scenario" "rep1" "rep10" "rep2" "rep3" "rep4" "rep5" "rep6" "rep7" "rep8" "rep9" "mean" "min" "max" "group"
"1" 0 "1_damage0" "damage" -1.64950899394487 -1.4124198634989 -1.18234403358831 -2.03304477545545 -1.90113882400989 -1.78013543621655 -1.6249958995116 -1.2635707771484 -1.65892900022063 -1.23854333092054 1 0.692613726207941 1.40363673197004 "Cross-sectional"
"2" 0.0322061191626409 "1_damage0" "damage" -1.65256306871945 -1.45209644315545 -1.20923021331975 -1.90448853775486 -1.8554165889555 -1.7605793426783 -1.61913971579153 -1.27612080191006 -1.68627750083484 -1.30351557987729 1.01229472941697 0.775315939427202 1.37495924220267 "Cross-sectional"
"3" 0.0644122383252819 "1_damage0" "damage" -1.65561726544867 -1.49161548043116 -1.23611640482556 -1.77804083541304 -1.81019110543275 -1.74102325126792 -1.61328357614932 -1.28867099054443 -1.71301879522499 -1.36826582070351 1.0244496956142 0.841203534369135 1.34669531727324 "Cross-sectional"
"4" 0.0966183574879228 "1_damage0" "damage" -1.65867172812287 -1.53076475255438 -1.2630026212165 -1.65686449470255 -1.76618024399753 -1.72146711853931 -1.60742754303165 -1.30122152959606 -1.73840651061578 -1.4323878530744 1.03606500930358 0.873525782773286 1.31884605577158 "Cross-sectional"
"5" 0.128824476650564 "1_damage0" "damage" -1.66172658275815 -1.56929331601617 -1.2898888744614 -1.54505181698781 -1.72425480641811 -1.70191081138171 -1.60157169078851 -1.31377257441771 -1.76172873017877 -1.49526933929088 1.04661477147882 0.905267549028782 1.29141223057289 "Cross-sectional"
"6" 0.161030595813205 "1_damage0" "damage" -1.66478190096187 -1.6069130427258 -1.31677517688914 -1.44726498261566 -1.68530347928878 -1.68235407588772 -1.5957160953855 -1.32632421088578 -1.78247424797252 -1.55616688638979 1.05549931396186 0.935601169854919 1.26439429592945 "Cross-sectional"
"7" 0.193236714975846 "1_damage0" "damage" -1.6678376887549 -1.64326706774973 -1.34366154824884 -1.36840712316405 -1.65010965280481 -1.66279652669228 -1.58986082748593 -1.33887645721732 -1.80039046990728 -1.61434096508925 1.06210194112391 0.949469415098363 1.24249641814974 "Cross-sectional"
"8" 0.225442834138487 "1_damage0" "damage" -1.67089389730012 -1.67788896053332 -1.37054802527396 -1.31324781643797 -1.61925385866654 -1.64323766054619 -1.58400594887539 -1.351429290422 -1.8154558279383 -1.66920682495767 1.06585365848843 0.941468209116202 1.26791521222202 "Cross-sectional"
"9" 0.257648953301128 "1_damage0" "damage" -1.67395044720212 -1.71018552119638 -1.39743466896704 -1.28593603919187 -1.5930592238937 -1.62367689420741 -1.57815151163387 -1.36398267632006 -1.82780841169664 -1.72044093232217 1.06630577752217 0.916129790984066 1.29541949732384 "Cross-sectional"
"10" 0.289855072463769 "1_damage0" "damage" -1.67700725595436 -1.73946943956958 -1.42432156512656 -1.28938888047183 -1.57159149490144 -1.60411362232398 -1.57229755910164 -1.37653658765889 -1.83767250347039 -1.76799822316402 1.06320418984881 0.893640373515346 1.29191861290368 "Cross-sectional"
"11" 0.32206119162641 "1_damage0" "damage" -1.68006425957194 -1.76504720535162 -1.45120881601192 -1.32463003967258 -1.55471137467906 -1.58454728676614 -1.56644412764044 -1.38909100725227 -1.84530798273213 -1.81203613688818 1.05655250539276 0.874371340656996 1.25657951631775 "Cross-sectional"
"12" 0.35426731078905 "1_damage0" "damage" -1.68312142356864 -1.78634164725599 -1.478096524539 -1.39023318705014 -1.54216102414816 -1.56497744576454 -1.56059124843101 -1.40164592394616 -1.85098476574597 -1.85278520399451 1.04664737454421 0.858592952025781 1.19269750871666 "Cross-sectional"
"13" 0.386473429951691 "1_damage0" "damage" -1.6861787393842 -1.80300953315162 -1.50498477552377 -1.48206177958261 -1.53365603084924 -1.54540383008108 -1.55473894936474 -1.41420133199115 -1.85496801374012 -1.89042932080629 1.03407111978159 0.846408631616503 1.16997493287665 "Cross-sectional"
"14" 0.418679549114332 "1_damage0" "damage" -1.68923620599682 -1.81501234211424 -1.531873619882 -1.59346285436556 -1.52895420503265 -1.52582637495752 -1.54888725744275 -1.42675723835843 -1.85749714986512 -1.92504962700775 1.01963510039717 0.837724212453893 1.15820296354978 "Cross-sectional"
"15" 0.450885668276973 "1_damage0" "damage" -1.69229383315996 -1.82257488332351 -1.55876306674092 -1.71596925535751 -1.52788361232118 -1.50624519113492 -1.54303619841465 -1.43931367296843 -1.85875164230427 -1.95665005846966 1.00428383325644 0.832290862601183 1.14652073162984 "Cross-sectional"
"16" 0.483091787439614 "1_damage0" "damage" -1.69535163826272 -1.82599498842674 -1.58565308553945 -1.84042428869781 -1.53032946641282 -1.48666044509787 -1.53718579726003 -1.45187069118245 -1.85881104657575 -1.985240632448 0.988981300681554 0.819583982631701 1.13492807444431 "Cross-sectional"
"17" 0.515297906602255 "1_damage0" "damage" -1.69840964099242 -1.82565250612241 -1.6125436189723 -1.95798788605976 -1.53619507595982 -1.46707239465974 -1.53133607902519 -1.46442836070506 -1.85762639391735 -2.0109021718745 0.97460396371146 0.739922560899799 1.12342480740557 "Cross-sectional"
"18" 0.547504025764896 "1_damage0" "damage" -1.70146786574398 -1.8219348065114 -1.63943460490584 -2.06041684704292 -1.54536851609935 -1.44748135096597 -1.52548706925979 -1.47698673466879 -1.8550191363753 -2.03376086838298 0.961928528535341 0.676025872735081 1.13897008275214 "Cross-sectional"
"19" 0.579710144927537 "1_damage0" "damage" -1.70452634102244 -1.81515335490732 -1.66632598338314 -2.14196514371054 -1.55772232480741 -1.42788761114362 -1.51963879358627 -1.48954582252714 -1.85071368780128 -2.05407195334782 0.951461673171806 0.628648321014095 1.15714759522675 "Cross-sectional"
"20" 0.611916264090178 "1_damage0" "damage" -1.70758509457912 -1.80551178368217 -1.69321770103034 -2.2000599208612 -1.57307685200468 -1.40829142268536 -1.51379127676206 -1.50210558329306 -1.844396513561 -2.07219053635903 0.943400727724644 0.596706748697828 1.17554711388435 "Cross-sectional"
"21" 0.644122383252819 "1_damage0" "damage" -1.71064414499994 -1.79312408069322 -1.72010970724544 -2.23501568054745 -1.59120800339003 -1.38869300634689 -1.50794454331633 -1.51466595907132 -1.83578596059268 -2.08848421212687 0.937677139145351 0.578189886962371 1.19416892178788 "Cross-sectional"
"22" 0.67632850241546 "1_damage0" "damage" -1.7137034919878 -1.77806223561581 -1.74700195607238 -2.24923185411803 -1.61188319743857 -1.36909252277338 -1.50209861777821 -1.52722686647161 -1.82469637488853 -2.10327462531573 0.93403621952427 0.570807124636022 1.21301327481837 "Cross-sectional"
"23" 0.708534621578101 "1_damage0" "damage" -1.71676310922666 -1.76039840633301 -1.7738944020565 -2.2461346866959 -1.63486926714631 -1.34949011736209 -1.49625352187008 -1.53978821781367 -1.81105677582686 -2.1168550167499 0.932137144805767 0.572408330917722 1.2320803590239 "Cross-sectional"
"24" 0.740740740740742 "1_damage0" "damage" -1.7198229435351 -1.74020654238252 -1.80078699647114 -2.22915296169683 -1.65992835416016 -1.32988594384522 -1.49040926268411 -1.5523499427833 -1.79485235945616 -2.12945266751543 0.931650236861019 0.581259280976941 1.25137026603188 "Cross-sectional"
"25" 0.772946859903383 "1_damage0" "damage" -1.72288292200187 -1.71756523144495 -1.82767968773815 -2.20105401120253 -1.68679669405495 -1.31028019259879 -1.48456582710909 -1.5649119755691 -1.7761948420106 -2.14127775705968 0.932319639205151 0.596172947564983 1.27088296216843 "Cross-sectional"
"26" 0.805152979066024 "1_damage0" "damage" -1.72594296586064 -1.69256950887986 -1.85457242686987 -2.16418695591918 -1.71515568851536 -1.29067308199149 -1.47872317964232 -1.57747425035964 -1.75522756977076 -2.15253801801374 0.933937962893131 0.616255877516302 1.29061829310747 "Cross-sectional"
"27" 0.837359098228665 "1_damage0" "damage" -1.72900300737355 -1.66530137003832 -1.88146517608495 -2.11969393083912 -1.74462622907383 -1.27106492019944 -1.47288126558926 -1.5900367013435 -1.73209388901724 -2.16344057130459 0.936425791308811 0.641288470290753 1.31057591703013 "Cross-sectional"
"28" 0.869565217391306 "1_damage0" "damage" -1.73206299884641 -1.63579089837166 -1.90835791291273 -2.06758626968565 -1.77481645555111 -1.25145609765634 -1.46704002352249 -1.60259926270928 -1.70695713965479 -2.17419105408618 0.939823447201013 0.671738769032923 1.33075530543105 "Cross-sectional"
"29" 0.901771336553947 "1_damage0" "damage" -1.73512290394314 -1.60399780243377 -1.93525062248059 -2.0072973684585 -1.80533895979627 -1.23184702991055 -1.46119937862918 -1.61516187264173 -1.68006063608487 -2.18497732620553 0.944237742573459 0.708538746659218 1.35115579638397 "Cross-sectional"
"30" 0.933977455716588 "1_damage0" "damage" -1.73818271360463 -1.56982891580804 -1.96214330687558 -1.93816503661294 -1.83584076496554 -1.21223808400401 -1.4553592457686 -1.627724488285 -1.65166768633311 -2.19591573279906 0.949790862379496 0.737232374821212 1.37177666917397 "Cross-sectional"
"31" 0.966183574879228 "1_damage0" "damage" -1.7412424301555 -1.5331810465069 -1.98903597427251 -1.85971091615569 -1.86606694197189 -1.19262951216283 -1.44951953877379 -1.64028708267818 -1.62204159842516 -2.2070201284753 0.956582867555447 0.720024897098123 1.39261721616131 "Cross-sectional"
"32" 0.998389694041869 "1_damage0" "damage" -1.74430207417811 -1.49397180670982 -2.01592864046732 -1.77238567665247 -1.89591845297278 -1.17302141425673 -1.4436801748199 -1.65284963183506 -1.59144568038665 -2.21828170576448 0.964607580832511 0.703165210003935 1.41367678810257 "Cross-sectional"
"33" 0 "1_damage0" "damageQuality" -2.78755207557311 -2.36296749453969 -2.37239995245267 -2.3288989788805 -2.26306057125941 -2.07784397182688 -2.69195989436613 -2.38415212586691 -2.54221481548633 -2.52630496488184 1 0.70287587368016 1.34840587342779 "Cross-sectional"
"34" 0.0434782608695652 "1_damage0" "damageQuality" -2.81456080730847 -2.43767110525429 -2.46132813996964 -2.42551777414607 -2.32744070033548 -2.16583316608173 -2.76853650686451 -2.50359309056993 -2.61348904271628 -2.59053775176506 0.929477254894235 0.685205182058059 1.24651313555469 "Cross-sectional"
"35" 0.0869565217391304 "1_damage0" "damageQuality" -2.84156963844362 -2.51295143738915 -2.5513028394759 -2.52223431621206 -2.39144334106664 -2.25391746697323 -2.84392703785938 -2.62305667874291 -2.68601658167062 -2.65558377799767 0.863514098371594 0.666466404366049 1.15139763917108 "Cross-sectional"
"36" 0.130434782608696 "1_damage0" "damageQuality" -2.86857864924411 -2.58931520559875 -2.64312086348508 -2.61888234427201 -2.4546171262883 -2.34211493272661 -2.91669715307871 -2.74158218759807 -2.76069252018362 -2.72207578407891 0.802029247107337 0.622091389615662 1.06272071511342 "Cross-sectional"
"37" 0.173913043478261 "1_damage0" "damageQuality" -2.8955878566637 -2.66688257023929 -2.73677201409791 -2.71480768250326 -2.51653751466114 -2.43027428435164 -2.9855214801082 -2.85729708285645 -2.83735314131845 -2.78998564482681 0.745133710833007 0.582705979915189 0.980297292490958 "Cross-sectional"
"38" 0.217391304347826 "1_damage0" "damageQuality" -2.92259721137853 -2.74518874869554 -2.83125973283191 -2.808834873975 -2.57687233456833 -2.5180487221503 -3.0495140251114 -2.96842555884052 -2.91459932196062 -2.85839003696959 0.692983329538862 0.548219245742427 0.90406594616772 "Cross-sectional"
"39" 0.260869565217391 "1_damage0" "damageQuality" -2.94960663696656 -2.82321690105005 -2.92486340021066 -2.89945742782347 -2.63536153098898 -2.60495059131059 -3.10832661467744 -3.07402519115077 -2.99025757019343 -2.92562652398968 0.645649533242565 0.518245935782476 0.833996483381005 "Cross-sectional"
"40" 0.304347826086957 "1_damage0" "damageQuality" -2.97661607499864 -2.89961570761149 -3.01555965419705 -2.98518218585724 -2.69175637381138 -2.69045457552352 -3.16205402077777 -3.1737884122737 -3.06212380159494 -2.98971952021104 0.603084730481961 0.486726131818522 0.769992704464694 "Cross-sectional"
"41" 0.347826086956522 "1_damage0" "damageQuality" -3.00362550448975 -2.97296033419941 -3.10134588661558 -3.06490439182624 -2.74577576908999 -2.77410298982616 -3.21103109279914 -3.26751581761768 -3.12858153228527 -3.04887709459296 0.565137086705766 0.444777483295415 0.731052515680539 "Cross-sectional"
"42" 0.391304347826087 "1_damage0" "damageQuality" -3.0306349288546 -3.04190661514684 -3.1803878534219 -3.13805351345514 -2.7971172670505 -2.8555749027551 -3.25562248800285 -3.35508260683856 -3.18884925982414 -3.10186784016336 0.531567378516065 0.408744105881781 0.69656938806217 "Cross-sectional"
"43" 0.434782608695652 "1_damage0" "damageQuality" -3.05764435230427 -3.1055427255826 -3.25108585408822 -3.20430253732616 -2.84552009398233 -2.93470465122425 -3.29608471497744 -3.43677790978864 -3.24279428706393 -3.14806092416148 0.502056813399175 0.377678560267707 0.665463787319702 "Cross-sectional"
"44" 0.478260869565217 "1_damage0" "damageQuality" -3.08465377317689 -3.16349796813616 -3.31218616740122 -3.26383189609195 -2.89084158965815 -3.01144445609612 -3.33253453521473 -3.51332345270302 -3.290422451268 -3.18702728692897 0.476207959438027 0.350653001510665 0.637528442733373 "Cross-sectional"
"45" 0.521739130434783 "1_damage0" "damageQuality" -3.11166316888664 -3.21585823687671 -3.36295703208085 -3.31694888392277 -2.93309830745827 -3.08577807920844 -3.36500430937793 -3.58543460678098 -3.33179041514463 -3.21868577973482 0.45361105014514 0.326915303341946 0.612483057112451 "Cross-sectional"
"46" 0.565217391304348 "1_damage0" "damageQuality" -3.13867251128233 -3.26298993437089 -3.40332365644606 -3.36397306786107 -2.97244403478707 -3.15773018753479 -3.3935321727311 -3.65342211969567 -3.36695817205726 -3.24321450876333 0.433877512413789 0.30597038238091 0.590002888729739 "Cross-sectional"
"47" 0.608695652173913 "1_damage0" "damageQuality" -3.16568178697633 -3.30534750080699 -3.43376796802231 -3.40526387561879 -3.00909518872551 -3.22736163251753 -3.41826322815839 -3.71745509193076 -3.39604168465012 -3.26091548878991 0.416638110581874 0.287442435256771 0.569768378113189 "Cross-sectional"
"48" 0.652173913043478 "1_damage0" "damageQuality" -3.19269098655941 -3.34335084686757 -3.45491124481224 -3.44114571210299 -3.04324504544278 -3.29476400606222 -3.43948228276348 -3.77797672872729 -3.41930719879977 -3.27216401606649 0.401553174763887 0.270939327270419 0.551509917197217 "Cross-sectional"
"49" 0.695652173913043 "1_damage0" "damageQuality" -3.21970010621265 -3.37738426090766 -3.46749215087169 -3.47189226180104 -3.07502539285322 -3.36005606970389 -3.45757136466779 -3.83557624447535 -3.43717510096021 -3.27739813619178 0.388319106148889 0.256094772530469 0.535019968486721 "Cross-sectional"
"50" 0.739130434782609 "1_damage0" "damageQuality" -3.2467091652681 -3.40772166051234 -3.4722906892118 -3.49778130927822 -3.10454886137004 -3.42337169339397 -3.47293658760728 -3.8906111770264 -3.45010270069743 -3.27708788586125 0.376685112384994 0.24265602351727 0.520123255854066 "Cross-sectional"
"51" 0.782608695652174 "1_damage0" "damageQuality" -3.27371818768109 -3.43454621115583 -3.47012634699109 -3.51916496214443 -3.13191343151933 -3.48484411566599 -3.48596095851698 -3.94337198298535 -3.45857477637438 -3.27179201378826 0.366435583188793 0.230422298143284 0.506670291270076 "Cross-sectional"
"52" 0.826086956521739 "1_damage0" "damageQuality" -3.30072718169364 -3.45801177094041 -3.46193381543112 -3.53647980494463 -3.15724578316162 -3.54460026628914 -3.49692850538813 -3.99414203598101 -3.46310668412483 -3.26214002667087 0.357376702124627 0.219222095457317 0.494513531438722 "Cross-sectional"
"53" 0.869565217391304 "1_damage0" "damageQuality" -3.32773615142207 -3.47828625917333 -3.44878520970351 -3.55018015460622 -3.18072594692781 -3.60274200961307 -3.50609851147604 -4.04317637773786 -3.46422010290167 -3.24877438586852 0.349329879617673 0.208912816085484 0.483495393173599 "Cross-sectional"
"54" 0.91304347826087 "1_damage0" "damageQuality" -3.3547451009827 -3.49554225736469 -3.43178170942549 -3.56062838644938 -3.20254908117469 -3.659353684656 -3.51373026003601 -4.0907229670043 -3.46247845181185 -3.23233755274065 0.342137357167567 0.199371762526413 0.473466083467544 "Cross-sectional"
"55" 0.956521739130435 "1_damage0" "damageQuality" -3.38175403449183 -3.50995234702457 -3.41185362917628 -3.56803884852836 -3.22291452754911 -3.71452393470521 -3.52008303432334 -4.13702976252874 -3.45861211057846 -3.21347198864671 0.335668596852876 0.190491806621937 0.46428694327219 "Cross-sectional"
"56" 1 "1_damage0" "damageQuality" -3.4087629544808 -3.52168910966305 -3.38965469478623 -3.57259282919543 -3.24197239850257 -3.76835788624558 -3.52542198482525 -4.18234472305957 -3.45337432719266 -3.19277142075028 0.329817671035488 0.182179211576657 0.455852095200895 "Cross-sectional"
"57" 0 "1_damage0" "damageQualityResource" -3.12430463847916 -2.98328061775866 -3.07481726540569 -3.13054476223352 -2.9155749443476 -2.98640761434086 -2.92002661144294 -2.97686363869665 -3.0513980959546 -2.99460903165454 1 0.894576612128432 1.09809291584269 "Cross-sectional"
"58" 0.125 "1_damage0" "damageQualityResource" -3.01438704697926 -3.05863041870645 -3.15723524552449 -3.16560543745548 -2.97822347140534 -3.03929285514273 -3.01711454264751 -3.07550561732754 -3.08963416423216 -3.04213296973913 0.954068959316921 0.86500326944948 1.03463839171637 "Cross-sectional"
"59" 0.25 "1_damage0" "damageQualityResource" -2.96561455111951 -3.13398039452791 -3.2355627386085 -3.20066691808498 -3.04087439177911 -3.09217833179974 -3.10787068072984 -3.16948174808432 -3.12787042692222 -3.08965632445313 0.905149430335516 0.808770239404024 1.04712332393659 "Cross-sectional"
"60" 0.375 "1_damage0" "damageQualityResource" -2.97908013413197 -3.20933058207867 -3.31316376401318 -3.23573018831605 -3.10352915866553 -3.14506465319052 -3.19256122447223 -3.25463661309597 -3.16610705761567 -3.13717823346124 0.853841784508482 0.750503195273086 1.03379529765413 "Cross-sectional"
"61" 0.5 "1_damage0" "damageQualityResource" -3.04147315539734 -3.28468070247007 -3.39061697118485 -3.27079558791287 -3.16618717835448 -3.19795233464832 -3.27035530492027 -3.32712975208124 -3.20434423457472 -3.18469816396294 0.802501401967023 0.696391352456824 0.97411529012042 "Cross-sectional"
"62" 0.625 "1_damage0" "damageQualityResource" -3.11849959305648 -3.36003029247472 -3.46121426763844 -3.3058629281956 -3.2288460259819 -3.25084136937933 -3.33708126112376 -3.38591076745252 -3.24258205763137 -3.23221609228251 0.7556819950976 0.650368024776553 0.904957994646569 "Cross-sectional"
"63" 0.75 "1_damage0" "damageQualityResource" -3.19115936039008 -3.43537903042907 -3.51889129955425 -3.34093207243199 -3.29150264491466 -3.30373143882424 -3.39283474855762 -3.43156495949872 -3.28082040531167 -3.2797323502863 0.715066468526842 0.6149670087733 0.844041127613195 "Cross-sectional"
"64" 0.875 "1_damage0" "damageQualityResource" -3.24264788589322 -3.51072683624639 -3.5610348955188 -3.37600275082164 -3.35415474997806 -3.35662218552686 -3.4407372346851 -3.46434500121815 -3.31905909167692 -3.32724772520124 0.681281438461538 0.590289680444198 0.80327488547742 "Cross-sectional"
"65" 1 "1_damage0" "damageQualityResource" -3.25808471627358 -3.58607377040797 -3.58658884409698 -3.41107462728848 -3.41680149442815 -3.40951330239275 -3.4822931551241 -3.48626432287103 -3.35729811356301 -3.37476300982383 0.654560172872727 0.575797864453784 0.791425823756841 "Cross-sectional"
"66" 0 "1_damage0" "damageResource" -3.03349397505615 -2.9029196386041 -2.78778013451474 -2.8595611641212 -2.86122722247096 -3.04613576990172 -2.81170494041613 -2.65158488350653 -2.74345804902509 -2.93071058239151 1 0.845274211386459 1.22720701180406 "Cross-sectional"
"67" 0.0909090909090909 "1_damage0" "damageResource" -3.03387897654875 -2.92125780701302 -2.77662923617237 -2.86341968727353 -2.84142839998893 -3.01953400071551 -2.82002812909279 -2.82590918317238 -2.74894479198126 -2.88259340184217 0.982674660820058 0.855219655122355 1.09141135835519 "Cross-sectional"
"68" 0.181818181818182 "1_damage0" "damageResource" -3.03426508817283 -2.9395959720843 -2.76547851941815 -2.86727798099609 -2.82216729577707 -2.99293228140649 -2.82835348987269 -2.97887553904251 -2.75535171870349 -2.84301255568427 0.968018239288207 0.854904662891454 1.10292476013851 "Cross-sectional"
"69" 0.272727272727273 "1_damage0" "damageResource" -3.03465290127427 -2.95793405331478 -2.75432798777641 -2.87113590153045 -2.80396688190523 -2.96633062468297 -2.83668276047489 -3.09005665534258 -2.7641771842003 -2.81417791680187 0.958184198190375 0.810533193767264 1.1145517032302 "Cross-sectional"
"70" 0.363636363636364 "1_damage0" "damageResource" -3.03504230254216 -2.97627184204831 -2.74317749117998 -2.87499343375401 -2.78759146802208 -2.93972898486207 -2.84501759347947 -3.1500436308463 -2.77685160795139 -2.79439733709988 0.954014305420005 0.765280449008139 1.12629330074931 "Cross-sectional"
"71" 0.454545454545455 "1_damage0" "damageResource" -3.03543286948111 -2.99460907330251 -2.73202688836554 -2.87885064161554 -2.77440968329465 -2.91312728719913 -2.8533602419866 -3.16413943358418 -2.7940867857094 -2.78703468420057 0.954683275402392 0.755003101148905 1.13815066719544 "Cross-sectional"
"72" 0.545454545454545 "1_damage0" "damageResource" -3.03582416131582 -3.01294561191357 -2.72087609558394 -2.88270765235368 -2.766208905143 -2.88652547671514 -2.8617126841698 -3.14623788303121 -2.81621566284057 -2.79625910759132 0.958417047652917 0.768078124282941 1.15012486549641 "Cross-sectional"
"73" 0.636363636363636 "1_damage0" "damageResource" -3.03621574761229 -3.03128154712061 -2.70972506423275 -2.8865646640259 -2.76459173332891 -2.85992354020065 -2.87007532448385 -3.11091648889206 -2.8436753201406 -2.82083840339277 0.963400242775721 0.794514524645917 1.16221692840094 "Cross-sectional"
"74" 0.727272727272727 "1_damage0" "damageResource" -3.03660728992251 -3.04961707117745 -2.6985738029831 -2.89042187950885 -2.77056931661508 -2.83332149095688 -2.8784475206737 -3.06884006149239 -2.87658868314195 -2.85679306307169 0.968310539616018 0.827141787719009 1.17442783226735 "Cross-sectional"
"75" 0.818181818181818 "1_damage0" "damageResource" -3.03699865101245 -3.06795232052602 -2.68742235516734 -2.89427941661215 -2.78448082742569 -2.80671934153409 -2.88682896128835 -3.02524154754142 -2.91419487162981 -2.90076440245298 0.972504458107971 0.827843748758216 1.18675851908576 "Cross-sectional"
"76" 0.909090909090909 "1_damage0" "damageResource" -3.0373898383037 -3.08628739036635 -2.67627071929905 -2.89813730955957 -2.80606402980653 -2.78011709115994 -2.89521943392813 -2.98222265759272 -2.95529157873251 -2.95383523533691 0.975760397508913 0.813460384828845 1.19920998370004 "Cross-sectional"
"77" 1 "1_damage0" "damageResource" -3.03778088798313 -3.10462243117388 -2.66511887943899 -2.90199556494342 -2.83471281608319 -2.75351473102601 -2.90361776528408 -2.94245173757199 -2.99900395696399 -3.0173699350089 0.977830617315303 0.79931572273701 1.21178324175184 "Cross-sectional"
"78" 0 "1_damage0" "null" -0.979712920381268 -0.889285432554559 -0.964338257210455 -1.10614393701998 -1.57919230299385 -1.09092237382605 -1.09351093125368 -1.00979082056702 -1.15846367205016 -1.04211714417427 1 0.678791655095606 1.15676757106985 "Cross-sectional"
"79" 0.0833333333333333 "1_damage0" "null" -1.02451216925746 -0.915705546909992 -0.989825628719291 -1.10577689855693 -1.43750119413032 -1.07858823420863 -1.10166832285486 -1.02320429254033 -1.1533327952879 -1.06223255845151 1.00338147495356 0.762286131559448 1.13522707447893 "Cross-sectional"
"80" 0.166666666666667 "1_damage0" "null" -1.06931134215016 -0.942125634197236 -1.01531298997106 -1.10643772009491 -1.30832307443978 -1.06625406719307 -1.1098251300403 -1.03661790996233 -1.14820268110813 -1.08234821048846 1.00549899376743 0.845035089680278 1.1139289791028 "Cross-sectional"
"81" 0.25 "1_damage0" "null" -1.11411032809739 -0.968545641729403 -1.04080027230909 -1.10751992768768 -1.20507376402153 -1.05391980330814 -1.11798101385271 -1.05003194262166 -1.14307397557679 -1.10246427021986 1.00514470313666 0.915755054604013 1.09287656470126 "Cross-sectional"
"82" 0.333333333333333 "1_damage0" "null" -1.15890889749254 -0.994965581353145 -1.06628742449468 -1.1083848142258 -1.13042616992644 -1.04158547600133 -1.12613586662717 -1.06344668868551 -1.1379468183589 -1.12258079920857 1.00212980375956 0.948686849124576 1.07207281481949 "Cross-sectional"
"83" 0.416666666666667 "1_damage0" "null" -1.20370669459274 -1.02138558188714 -1.0917744702345 -1.10976663211174 -1.07717058904134 -1.02925112515593 -1.134289528302 -1.07686231569421 -1.13282086318007 -1.14269774892369 0.997074524843453 0.916718654534682 1.05152038121256 "Cross-sectional"
"84" 0.5 "1_damage0" "null" -1.24850348366671 -1.047805790397 -1.1172614138596 -1.11297405337494 -1.04074447991781 -1.01691655224899 -1.14244175243402 -1.09027876705762 -1.12769576070638 -1.16281498150084 0.990301908838331 0.885512839119865 1.05497911845336 "Cross-sectional"
"85" 0.583333333333333 "1_damage0" "null" -1.29329944527623 -1.07422625664656 -1.14274818196333 -1.11958355010864 -1.02031909562632 -1.00458148856553 -1.15059243519627 -1.10369575772519 -1.12257151867143 -1.18293239132916 0.98176666685755 0.855072519334529 1.06456325377399 "Cross-sectional"
"86" 0.666666666666667 "1_damage0" "null" -1.33809507991288 -1.10064691681394 -1.16823474759141 -1.13137335974064 -1.01401751577614 -0.992245907199427 -1.15874174288343 -1.11711293339446 -1.11744842420562 -1.20304998341768 0.971509239159238 0.825398958687948 1.07420279612843 "Cross-sectional"
"87" 0.75 "1_damage0" "null" -1.3828907693794 -1.12706765205602 -1.19372120329069 -1.14977817985302 -1.01981251036458 -0.979909936325806 -1.16688997622795 -1.13053011701364 -1.11232673953771 -1.22316775161408 0.959621434566845 0.796491950554942 1.08389738659054 "Cross-sectional"
"88" 0.833333333333333 "1_damage0" "null" -1.42768655315935 -1.15348838467832 -1.21920763075166 -1.17602013534125 -1.03366228116607 -0.967573658957511 -1.17503734036652 -1.14394733519765 -1.10720643821565 -1.24328557529075 0.946400464704011 0.768350026022425 1.09364668830551 "Cross-sectional"
"89" 0.916666666666667 "1_damage0" "null" -1.47248229481063 -1.17990912760833 -1.24469402040392 -1.21026681092322 -1.04829230497019 -0.955237149704993 -1.18318395698659 -1.15736460373857 -1.10208718140392 -1.26340331726407 0.932521477531933 0.740970406415839 1.10345035815807 "Cross-sectional"
"90" 1 "1_damage0" "null" -1.51727786432136 -1.20632990418345 -1.27018036357658 -1.24997738021339 -1.060106403749 -0.942900525216517 -1.19133012901072 -1.17078183910916 -1.09696859131537 -1.28352091997085 0.918550539037533 0.714348965602818 1.11330800650873 "Cross-sectional"
"91" 0 "1_damage0" "nullDamage" -2.08043170705515 -1.99080824904138 -1.83101231476973 -2.12344590256268 -2.21846761629398 -2.09998617547788 -2.22666484054233 -2.03409164485024 -2.01429459088831 -1.96382938019137 1 0.873456124896916 1.23883788090821 "Cross-sectional"
"92" 0.111111111111111 "1_damage0" "nullDamage" -2.10625721524192 -1.97723073759209 -1.93482825368355 -2.16536013059135 -2.21687574984807 -2.07163465430243 -2.21243961831276 -2.00722166178629 -2.05779006083169 -1.90105121273482 0.990384853375632 0.881204297669755 1.13209628104295 "Cross-sectional"
"93" 0.222222222222222 "1_damage0" "nullDamage" -2.13208292582649 -1.96365119827838 -2.02721436154389 -2.20332702251573 -2.21528409914295 -2.04328357796768 -2.19821388560071 -1.98035131016813 -2.09325336437552 -1.85931846404183 0.982531431540742 0.882469880348026 1.10389027227783 "Cross-sectional"
"94" 0.333333333333333 "1_damage0" "nullDamage" -2.15790844828237 -1.95006818046259 -2.10544544911184 -2.22677533015528 -2.21369266108428 -2.01493305088665 -2.18398639871344 -1.95348038470279 -2.11395020245644 -1.85251161538691 0.977851591838767 0.87336901901049 1.11710652696126 "Cross-sectional"
"95" 0.444444444444444 "1_damage0" "nullDamage" -2.18373440141058 -1.93648270419862 -2.16642357620819 -2.22975949072103 -2.21210174029135 -1.98658279328725 -2.16975552313358 -1.9266087271626 -2.12304868308003 -1.88597547134294 0.977289883079902 0.871019347762547 1.14025210014305 "Cross-sectional"
"96" 0.555555555555556 "1_damage0" "nullDamage" -2.20956261333147 -1.92289636185359 -2.20770406486977 -2.21178943315597 -2.21051189306714 -1.95823244433503 -2.15551993346929 -1.89973648747456 -2.12212975431737 -1.95070358246144 0.981160330719868 0.885254305613831 1.16726699325805 "Cross-sectional"
"97" 0.666666666666667 "1_damage0" "nullDamage" -2.23539451656464 -1.9093093806101 -2.23262996951509 -2.17625737224244 -2.20892345696319 -1.92988189325199 -2.14127997032852 -1.87286384849692 -2.11167526596604 -2.02548836951933 0.988767958765471 0.866597816682833 1.19482466049836 "Cross-sectional"
"98" 0.777777777777778 "1_damage0" "nullDamage" -2.26123011286365 -1.89572186272494 -2.2438457501868 -2.13162236482911 -2.20733633724578 -1.90153136904282 -2.12703731704502 -1.84599070370118 -2.09130081741264 -2.08737082866252 0.998955659475623 0.846581620193733 1.22293148614267 "Cross-sectional"
"99" 0.888888888888889 "1_damage0" "nullDamage" -2.28706882053735 -1.88213403628037 -2.24617703094898 -2.08320905012953 -2.20574992308307 -1.87318083818131 -2.11279323034492 -1.81911692439047 -2.06515216728592 -2.13216130447948 1.01065348565823 0.826978225943292 1.25159373491309 "Cross-sectional"
"100" 1 "1_damage0" "nullDamage" -2.31290972898197 -1.8685458179483 -2.24696262470517 -2.02933140830244 -2.20416355966532 -1.84483002429924 -2.09854893015991 -1.79224256414867 -2.03545374923244 -2.16479646636081 1.02326471044764 0.807782007161992 1.28081731734038 "Cross-sectional"
"101" 0 "1_damage0" "nullDamageQuality" -2.11499315863364 -2.10854685541997 -2.00107433702484 -2.4360626183012 -2.16594217542714 -2.43716126960287 -2.03797649702452 -2.10493413712433 -2.12691395248973 -2.45655505042463 1 0.788516212753969 1.16822099559586 "Cross-sectional"
"102" 0.111111111111111 "1_damage0" "nullDamageQuality" -2.16860400738188 -2.15853314916221 -2.08801523905891 -2.33450943429721 -2.17966696304856 -2.33595518088754 -2.07065759695345 -2.14614542778842 -2.10182535057636 -2.31350190084916 0.991567948282389 0.865090723315545 1.09848941198622 "Cross-sectional"
"103" 0.222222222222222 "1_damage0" "nullDamageQuality" -2.22221374339649 -2.20852190296921 -2.17495528547628 -2.24165931491807 -2.19339222131117 -2.22980622394836 -2.10333862872256 -2.18735471321064 -2.09219327266963 -2.19788109371569 0.982783452657231 0.942416704069086 1.06701172419568 "Cross-sectional"
"104" 0.333333333333333 "1_damage0" "nullDamageQuality" -2.27582552001035 -2.25851707914436 -2.26189480162625 -2.18333085248655 -2.20711818340566 -2.16201715752811 -2.13601917775086 -2.22856344863526 -2.11323401045544 -2.12893868243896 0.966103697688444 0.913710245925833 1.03632918151923 "Cross-sectional"
"105" 0.444444444444444 "1_damage0" "nullDamageQuality" -2.3294416780837 -2.30852009781339 -2.34883735242892 -2.15755244183982 -2.22084462665221 -2.13855154592738 -2.16869921568438 -2.26977452467229 -2.14784897530285 -2.10143098886005 0.941464419758377 0.854983033352035 1.03398440840147 "Cross-sectional"
"106" 0.555555555555556 "1_damage0" "nullDamageQuality" -2.38306498158389 -2.35852914057242 -2.43578748366558 -2.15472732405556 -2.23457175042333 -2.15899812669285 -2.20137839747995 -2.31098904443732 -2.17890342896631 -2.10796252528488 0.910458824191807 0.78951296512626 1.01911709282557 "Cross-sectional"
"107" 0.666666666666667 "1_damage0" "nullDamageQuality" -2.43669701012508 -2.40854317311016 -2.52274777808904 -2.18664235888127 -2.24830015800291 -2.23495476513459 -2.2340572232364 -2.3522073110323 -2.22655531640354 -2.15463488393271 0.87137149308684 0.728641447516081 0.990337256950022 "Cross-sectional"
"108" 0.777777777777778 "1_damage0" "nullDamageQuality" -2.49033617163952 -2.45856273425325 -2.60971821944361 -2.2583269541854 -2.26202970026621 -2.37349159039891 -2.2667367027687 -2.39343035304444 -2.32398595671026 -2.24263627310768 0.824093181124997 0.672107070449138 0.928313196734507 "Cross-sectional"
"109" 0.888888888888889 "1_damage0" "nullDamageQuality" -2.54398083872811 -2.50858849486367 -2.69669654899104 -2.36415376980446 -2.27575975477135 -2.57350585590468 -2.29941750744265 -2.43465767323794 -2.48765823812663 -2.37030303431685 0.770624020948021 0.619655225917492 0.91376474064074 "Cross-sectional"
"110" 1 "1_damage0" "nullDamageQuality" -2.59762839905914 -2.55862075141965 -2.78368044611566 -2.49869476839321 -2.28949008226936 -2.80338939397535 -2.332100011715 -2.47588665634938 -2.70189267000779 -2.54046412231647 0.715471968898062 0.560530391097774 0.902450525853724 "Cross-sectional"
"111" 0 "1_damage0" "nullDamageQualityResource" -2.93904888071154 -3.07385081783059 -3.04193862141774 -3.01701065450693 -3.02061003861 -2.82233872724587 -2.91441805383058 -3.10944426814468 -3.07256906765342 -3.03173134366622 1 0.894206875706875 1.17489693519171 "Cross-sectional"
"112" 0.2 "1_damage0" "nullDamageQualityResource" -2.94373971275495 -2.97399914564221 -2.99737986235848 -3.00557928957882 -2.87623431161349 -2.88379005823782 -3.0083681282496 -3.11216044239864 -3.05341735076691 -3.00073418649271 1.01648320332487 0.891884697431501 1.11653955016226 "Cross-sectional"
"113" 0.4 "1_damage0" "nullDamageQualityResource" -2.94843085345183 -2.88548772111327 -2.96803979316127 -2.99416171004406 -2.74995362105346 -2.93798002589037 -3.08920289335489 -3.11480328576754 -3.03426593271416 -2.97997262130137 1.03025462822636 0.889630744609387 1.25779580892774 "Cross-sectional"
"114" 0.6 "1_damage0" "nullDamageQualityResource" -2.95312255784973 -2.82475368391173 -2.97768143489822 -2.98278200647695 -2.74430607471768 -2.98257390251147 -3.14778613598557 -3.11920357312948 -3.01511268765417 -2.97937856073719 1.02486224875208 0.861955387396278 1.26448903828808 "Cross-sectional"
"115" 0.8 "1_damage0" "nullDamageQualityResource" -2.95781438673426 -2.80361747724681 -3.01684335464384 -2.97146154765735 -2.81817633724062 -3.01806774220248 -3.19353954550568 -3.12578441399155 -2.99595444619083 -3.00789532404042 1.00397771437425 0.824925775325522 1.19583123785313 "Cross-sectional"
"116" 1 "1_damage0" "nullDamageQualityResource" -2.96250655973923 -2.8193567341586 -3.07454857913654 -2.96018078651573 -2.86263307747091 -3.04908584452707 -3.24119597570891 -3.13443673906317 -2.9767913888402 -3.06006459536966 0.980509295535353 0.787980021634812 1.17820820058653 "Cross-sectional"
"117" 0 "1_damage0" "nullDamageResource" -2.9114601591129 -2.84427885659459 -2.92628004645333 -3.07248940918491 -2.94041338667626 -2.99184155084466 -3.0645275101143 -3.00957321171576 -2.97507395968945 -2.74910237156831 1 0.906992011796904 1.12671651766807 "Cross-sectional"
"118" 0.166666666666667 "1_damage0" "nullDamageResource" -2.8948216823555 -2.86293849356097 -3.11477286874036 -3.04392116235168 -2.79815718068668 -2.78448544153958 -2.98596580268959 -2.95258681582264 -3.1795566536517 -2.9139573496326 1.0391385936968 0.871036748483829 1.19210330163582 "Cross-sectional"
"119" 0.333333333333333 "1_damage0" "nullDamageResource" -2.89673246017568 -2.8816012075968 -3.2505813899834 -3.01537103540593 -2.71348058072804 -2.65594674209927 -2.93098018149223 -2.89560059750165 -3.26362835318445 -3.024337241629 1.06374520884569 0.764550133870461 1.34488822260903 "Cross-sectional"
"120" 0.5 "1_damage0" "nullDamageResource" -2.91775097261277 -2.90026439339518 -3.07641759276979 -2.98684938107702 -2.70671742955525 -2.67171365187354 -2.92259515701073 -2.83861568794966 -3.15592611999395 -3.01313059569788 1.09174264973181 0.903592948310914 1.32521019659164 "Cross-sectional"
"121" 0.666666666666667 "1_damage0" "nullDamageResource" -2.95061004203682 -2.91892655980095 -2.99169502968106 -2.95835038242036 -2.7738183592096 -2.8199021439284 -2.95520802721717 -2.78163216022038 -2.93891927901212 -2.94552459148633 1.07516784289356 0.979665173123358 1.20413648073497 "Cross-sectional"
"122" 0.833333333333333 "1_damage0" "nullDamageResource" -2.99203058454372 -2.93759008608405 -3.19865861813757 -2.92984983180299 -2.91540970377639 -3.0301751125992 -3.01696321262226 -2.72464976953747 -2.78141094806474 -2.85383681362089 1.00184900445181 0.803698457088433 1.26108761674365 "Cross-sectional"
"123" 1 "1_damage0" "nullDamageResource" -3.03715064779764 -2.95625638172783 -3.47167771378009 -2.90133860787251 -3.12779220161498 -3.24093769747709 -3.08697912790065 -2.6676681989903 -2.75769766172219 -2.72126591694248 0.916806804561752 0.617462804768361 1.33023344723093 "Cross-sectional"
"124" 0 "1_damage0" "nullQuality" -1.21367343009746 -1.25536516928064 -1.35376896031455 -0.916875624745136 -1.33541436112938 -1.53323154042441 -1.37983380102034 -1.14365706452555 -1.39723727209479 -1.49381282377154 1 0.807426015831679 1.2989804390724 "Cross-sectional"
"125" 0.0769230769230769 "1_damage0" "nullQuality" -1.27506218459936 -1.31966114028035 -1.3734269298734 -0.97882782714074 -1.28121936876762 -1.54184299886306 -1.33680699732355 -1.37405389056904 -1.36040491579003 -1.57700336357366 0.966374858905828 0.801723099127858 1.24226045058086 "Cross-sectional"
"126" 0.153846153846154 "1_damage0" "nullQuality" -1.33645092342066 -1.38395872073402 -1.36950138370888 -1.04078005474895 -1.24557321936445 -1.54862770701461 -1.32158940109278 -1.55509737326531 -1.32968586043912 -1.64140511059188 0.936219958954271 0.79300736493005 1.18711229310066 "Cross-sectional"
"127" 0.230769230769231 "1_damage0" "nullQuality" -1.39783950338917 -1.44826031365314 -1.34390072839455 -1.10273227304354 -1.23006008331546 -1.55073145540777 -1.30427214318974 -1.61806343044162 -1.30606939631359 -1.65724591781346 0.918292656286583 0.752622056267584 1.13357292327423 "Cross-sectional"
"128" 0.307692307692308 "1_damage0" "nullQuality" -1.45922834222511 -1.51256913937079 -1.30087474081502 -1.16468446352635 -1.22965412352491 -1.54762249342255 -1.25948913263563 -1.55468013067755 -1.30132382545993 -1.609091839081 0.915278434350293 0.793280589767686 1.08167117183083 "Cross-sectional"
"129" 0.384615384615385 "1_damage0" "nullQuality" -1.52061848718849 -1.57688805993846 -1.23409253467398 -1.22663662025402 -1.24600844212158 -1.54281563883807 -1.21212429531948 -1.44147341054135 -1.32736940609835 -1.51421367152631 0.917853223073507 0.77884109627838 1.04304792865441 "Cross-sectional"
"130" 0.461538461538462 "1_damage0" "nullQuality" -1.58201070141196 -1.64121808582289 -1.15734460418711 -1.28858867015007 -1.28092115364917 -1.54074816752567 -1.1894668854517 -1.33840750949558 -1.3805957680067 -1.40697496605536 0.916201494212535 0.738191408398627 1.08773402114526 "Cross-sectional"
"131" 0.538461538461538 "1_damage0" "nullQuality" -1.64340533510405 -1.70555836469739 -1.11275937399558 -1.35054058586455 -1.33686084880178 -1.54442309041405 -1.2037428282457 -1.24221978453567 -1.45847602144043 -1.32004922434553 0.90520304787663 0.699263688136208 1.12506078936028 "Cross-sectional"
"132" 0.615384615384615 "1_damage0" "nullQuality" -1.70480296632738 -1.76990736788798 -1.14659893313353 -1.41249250364575 -1.42697508446498 -1.55648703217822 -1.27208713027506 -1.16617993255273 -1.56765642625119 -1.28148808494019 0.876901833871425 0.66202715693993 1.09665207478139 "Cross-sectional"
"133" 0.692307692307692 "1_damage0" "nullQuality" -1.76620423667071 -1.83426426220383 -1.28892347192261 -1.47444460230842 -1.56526392032792 -1.58011707883811 -1.40209706772135 -1.16923556604863 -1.72208861015548 -1.3119597837286 0.822923254929913 0.626446525690305 1.07792357894854 "Cross-sectional"
"134" 0.769230769230769 "1_damage0" "nullQuality" -1.82760933482547 -1.89862963368133 -1.54713459340165 -1.53639705798918 -1.75078590556395 -1.61853409731986 -1.58611000757306 -1.28264570275389 -1.94540097345747 -1.42253946865088 0.744543887078212 0.592482269452624 0.987443692631514 "Cross-sectional"
"135" 0.846153846153846 "1_damage0" "nullQuality" -1.88901816934135 -1.96300410955995 -1.92536097513381 -1.59835014582925 -1.97747273830922 -1.67394810372737 -1.81869288559126 -1.4927944124729 -2.24582032633147 -1.62172349006585 0.649443850327746 0.553024820370245 0.834630983138808 "Cross-sectional"
"136" 0.923076923076923 "1_damage0" "nullQuality" -1.95043039667307 -2.02738599176371 -2.43320847995075 -1.66030405262492 -2.24876377196507 -1.74524541734051 -2.08913244426402 -1.79375911658993 -2.59352676692169 -1.91472341428136 0.5452723656565 0.366937483054828 0.726464900754875 "Cross-sectional"
"137" 1 "1_damage0" "nullQuality" -2.01184500159861 -2.0917715004652 -3.03679249582936 -1.72225858193922 -2.56648804670249 -1.8268915270762 -2.37618400371892 -2.17526903482783 -2.94949566701482 -2.28782757307587 0.443213759391964 0.208273177288225 0.689438239412947 "Cross-sectional"
"138" 0 "1_damage0" "nullQualityResource" -2.49667302377459 -2.42609444439326 -2.59985407624512 -2.84778048694092 -2.55489957914744 -2.66248502706733 -2.57867952088871 -2.83669919120487 -2.53481409130484 -2.60114136692322 1 0.811533175670604 1.20263997747237 "Cross-sectional"
"139" 0.125 "1_damage0" "nullQualityResource" -2.47006266937989 -2.6220580671994 -2.64963525604553 -2.75667874542086 -2.60024374876887 -2.7120682122374 -2.62060632014266 -2.79724481052862 -2.6233482490308 -2.71837341286662 0.974041707107928 0.851180870782206 1.15494193476589 "Cross-sectional"
"140" 0.25 "1_damage0" "nullQualityResource" -2.46027564826709 -2.77109232341618 -2.6994140433659 -2.67470747081728 -2.6455898705461 -2.76165183128078 -2.66253416988407 -2.75779058223382 -2.71188092926446 -2.79054924474586 0.95104161126315 0.872406421864638 1.16540703164778 "Cross-sectional"
"141" 0.375 "1_damage0" "nullQualityResource" -2.4744188960966 -2.83155431505588 -2.74918925475951 -2.63392486688276 -2.69093947346259 -2.81123561192646 -2.70446649008415 -2.71833677428154 -2.80041391962273 -2.79336850913212 0.931102421243522 0.824069982676694 1.15031161641871 "Cross-sectional"
"142" 0.5 "1_damage0" "nullQualityResource" -2.50994933980472 -2.81699763306429 -2.79896003011385 -2.63498739725868 -2.73629352454751 -2.86081896872568 -2.74640459561898 -2.67888503489026 -2.88894971295652 -2.7436832794996 0.912814116117555 0.80158968278606 1.11317617910768 "Cross-sectional"
"143" 0.625 "1_damage0" "nullQualityResource" -2.56674053445298 -2.76353127580347 -2.8487273270779 -2.68593435506747 -2.78165209366616 -2.91040230231124 -2.78835103930637 -2.63943654404624 -2.97748863598352 -2.65787123834094 0.891478617353156 0.76481593611569 1.05610168729357 "Cross-sectional"
"144" 0.75 "1_damage0" "nullQualityResource" -2.6415388561554 -2.72506514718116 -2.89849325622728 -2.75643870066345 -2.82701334818981 -2.95998636401391 -2.83030674046785 -2.59998973806507 -3.06602966014307 -2.54941419508814 0.865240668583962 0.729640847105933 1.02395236567549 "Cross-sectional"
"145" 0.875 "1_damage0" "nullQualityResource" -2.72420730892524 -2.75797048095944 -2.94825988441784 -2.81975383794869 -2.87237578067079 -3.00957147724943 -2.87227038161267 -2.56054307581088 -3.15457219445498 -2.44322483024078 0.83262147144316 0.696002651234038 1.06219627286299 "Cross-sectional"
"146" 1 "1_damage0" "nullQualityResource" -2.80585452624334 -2.84623149571686 -2.99802797318584 -2.87021999705124 -2.91773899202615 -3.05915792491093 -2.91423793032934 -2.52109663344427 -3.24311564879364 -2.33580716901713 0.797239877393649 0.663841295910543 1.10175418575396 "Cross-sectional"
"147" 0 "1_damage0" "nullResource" -2.80934373755429 -2.65862226391183 -2.36962430794445 -2.51498264143253 -2.78625494825678 -2.71728607069724 -2.78580054559023 -2.49285335554459 -2.6908423627599 -2.78903888415963 1 0.854541588702985 1.28612114006802 "Cross-sectional"
"148" 0.125 "1_damage0" "nullResource" -2.80980530285244 -2.67748313289605 -2.41322209394059 -2.53669228769317 -2.71642819943026 -2.65551510694652 -2.7496549034422 -2.53688012727852 -2.66330448023118 -2.76885932386927 1.00457063538232 0.854169649905337 1.23576228782225 "Cross-sectional"
"149" 0.25 "1_damage0" "nullResource" -2.81026693287459 -2.6963416834424 -2.4568213322401 -2.55457289494444 -2.64899102644268 -2.59374180732021 -2.71350922710174 -2.57245717735556 -2.63576665111521 -2.74869153896076 1.01032541993287 0.853797811125664 1.18720346345972 "Cross-sectional"
"150" 0.375 "1_damage0" "nullResource" -2.81072978790729 -2.71519664086593 -2.50042412495986 -2.56973486066591 -2.58685611345043 -2.531964075271 -2.67736327980044 -2.59436911697573 -2.60822977930905 -2.72852456387572 1.0174243934916 0.853425138348003 1.14039135186411 "Cross-sectional"
"151" 0.5 "1_damage0" "nullResource" -2.81119496594863 -2.73404910796606 -2.54403050011162 -2.59028570853221 -2.54160061816694 -2.47018327035129 -2.64121714424376 -2.58859673321623 -2.58069481046991 -2.70833870737203 1.02521615633243 0.853050749212494 1.17267435375082 "Cross-sectional"
"152" 0.625 "1_damage0" "nullResource" -2.81166414706367 -2.75290042960011 -2.5876381694934 -2.62502979429076 -2.52232727092403 -2.40839946284037 -2.60507098112278 -2.55499884274159 -2.55316134414457 -2.68812319590955 1.03157882079894 0.852673294650838 1.24124324482962 "Cross-sectional"
"153" 0.75 "1_damage0" "nullResource" -2.81213840011193 -2.77175104682928 -2.63124504616976 -2.67734337478818 -2.52682540792231 -2.34661280816217 -2.56892476017194 -2.49748640645742 -2.52562852464118 -2.66788255500812 1.03587496412873 0.852291919271535 1.31344515298903 "Cross-sectional"
"154" 0.875 "1_damage0" "nullResource" -2.81261764286122 -2.79060105019695 -2.67485047821658 -2.74219752874942 -2.54229050946746 -2.28482361461516 -2.53277850569786 -2.42726531921254 -2.49809608466227 -2.64763681998624 1.03888139448358 0.85190669424724 1.38942725194539 "Cross-sectional"
"155" 1 "1_damage0" "nullResource" -2.81310034982162 -2.80945024608737 -2.71845516331163 -2.81133223010266 -2.56303745202561 -2.22303334318606 -2.49663230799485 -2.35090030045894 -2.47056358343987 -2.627400309748 1.04148150400194 0.851518850064557 1.46933576176262 "Cross-sectional"
"156" 0 "1_damage0" "quality" -1.83074716868284 -1.22958572366929 -2.30576952908189 -1.15699106527619 -1.14032654986317 -1.31521956610361 -1.90153277482145 -0.775919780232527 -1.45925220215265 -1.59710700697373 1 0.479800651272843 1.66838805968091 "Cross-sectional"
"157" 0.0285714285714286 "1_damage0" "quality" -1.95158927685082 -1.43352145508001 -2.38628045876251 -1.35975186953918 -1.43822560423295 -1.4892016478821 -2.06568161306094 -1.12408272047483 -1.62749273943731 -1.80902624592074 0.848454112586902 0.445811597213062 1.29816056974614 "Cross-sectional"
"158" 0.0571428571428571 "1_damage0" "quality" -2.0728363700165 -1.63582823342589 -2.46750800758762 -1.56060642493746 -1.7321618646908 -1.66515445312107 -2.22788449198932 -1.46628941591492 -1.79486744961431 -2.0197759833572 0.716997008457796 0.413749810509662 0.992496638223152 "Cross-sectional"
"159" 0.0857142857142857 "1_damage0" "quality" -2.19468643938281 -1.83426643720331 -2.55007363883619 -1.75707350240579 -2.01679650157814 -1.84478412755056 -2.38552219277858 -1.79498164887873 -1.96006902018437 -2.22714926434347 0.605151862564839 0.383335202576465 0.778919536948876 "Cross-sectional"
"160" 0.114285714285714 "1_damage0" "quality" -2.31678907559809 -2.02628461163811 -2.63410285307189 -1.94654636934302 -2.28621030926457 -2.0284147867401 -2.53570803875205 -2.10255637484182 -2.12141964865903 -2.4277728386338 0.511781261404553 0.354509290650392 0.661270566133125 "Cross-sectional"
"161" 0.142857142857143 "1_damage0" "quality" -2.43808753390748 -2.20944237070001 -2.71897821779413 -2.12680043728279 -2.53492559851928 -2.21428775223484 -2.67582124085697 -2.3830228679613 -2.27707725407607 -2.61754717992733 0.435154959963571 0.327446314261215 0.56381746777777 "Cross-sectional"
"162" 0.171428571428571 "1_damage0" "quality" -2.55694411820132 -2.38169144490291 -2.80339281070671 -2.29623566315491 -2.75851271236053 -2.39869170300181 -2.80384076779114 -2.63274303091867 -2.42524696486721 -2.79242128021003 0.373173849134085 0.302326487483065 0.483976624225058 "Cross-sectional"
"163" 0.2 "1_damage0" "quality" -2.67148576385595 -2.54151965541639 -2.8856454460476 -2.45388434048551 -2.95383559660689 -2.57677195383899 -2.91848023037268 -2.850367074111 -2.56437994538935 -2.94922885296927 0.323621168427058 0.262302964799182 0.418975939023355 "Cross-sectional"
"164" 0.228571428571429 "1_damage0" "quality" -2.77993719088471 -2.68798431261401 -2.96404843287717 -2.59926792690152 -3.11906286107747 -2.74366895746775 -3.01915759931683 -3.03625466515342 -2.69333080067152 -3.08625675004371 0.284367526333089 0.224045422049258 0.36620675953547 "Cross-sectional"
"165" 0.257142857142857 "1_damage0" "quality" -2.8806955934063 -2.82067370915913 -3.03729483613549 -2.73221011753844 -3.25359147869163 -2.89556584354669 -3.10585919832643 -3.19174683612917 -2.81144572301954 -3.20334176192927 0.253503751766302 0.196893370953212 0.323405099879053 "Cross-sectional"
"166" 0.285714285714286 "1_damage0" "quality" -2.97284029130904 -2.93963449968003 -3.10466469061287 -2.85269905180476 -3.35799181067625 -3.03030899417412 -3.17896740329093 -3.31859992857438 -2.91856675440873 -3.30152075611839 0.229383376206575 0.17803077811925 0.288696658137841 "Cross-sectional"
"167" 0.314285714285714 "1_damage0" "quality" -3.0562037973753 -3.04529113792676 -3.16602335232298 -2.96084720682134 -3.43400478929685 -3.14746339313613 -3.23911333900481 -3.41873928269018 -3.01495794612176 -3.38245568378516 0.210628154364725 0.165406884169896 0.260560450123938 "Cross-sectional"
"168" 0.342857142857143 "1_damage0" "quality" -3.13113418495919 -3.13836766219087 -3.22164857933708 -3.05694299862311 -3.48454212404861 -3.24788970326747 -3.28709286737502 -3.49430633605426 -3.10115385923011 -3.44791381027526 0.196108341535184 0.156012671391613 0.237759477430112 "Cross-sectional"
"169" 0.371428571428571 "1_damage0" "quality" -3.19816663441891 -3.21980943124174 -3.27198207517034 -3.14148609636414 -3.51359570378637 -3.33309136036217 -3.32385399714117 -3.54783507349771 -3.1777412750193 -3.49949105111147 0.184911016178773 0.148108621347337 0.219283316540312 "Cross-sectional"
"170" 0.4 "1_damage0" "quality" -3.25774906189156 -3.29069797557733 -3.31741421832695 -3.21508457017496 -3.52597344209735 -3.4046201824262 -3.35053605832083 -3.5823537340371 -3.24530612229538 -3.53859973096423 0.176307809613297 0.143219314476594 0.204324613998275 "Cross-sectional"
"171" 0.428571428571429 "1_damage0" "quality" -3.31012602884176 -3.35215655974201 -3.35820302012765 -3.27864356964099 -3.52684023784809 -3.46374682149003 -3.36852400924589 -3.60127093462914 -3.30439255329011 -3.56658920475249 0.169717171240836 0.140606765311868 0.192198936580901 "Cross-sectional"
"172" 0.457142857142857 "1_damage0" "quality" -3.35540045502973 -3.40525360610829 -3.39456577180655 -3.33333220132974 -3.52112593194991 -3.51144834962225 -3.37943485580889 -3.60810471438525 -3.35552179410449 -3.58483951936378 0.164674815441384 0.139674434502817 0.182322424838766 "Cross-sectional"
"173" 0.485714285714286 "1_damage0" "quality" -3.39370663092008 -3.45091976054273 -3.42668534551394 -3.38040085209174 -3.51292849834993 -3.54861498619665 -3.3849332054035 -3.6062393781669 -3.39916295928933 -3.59491289058793 0.160815012241611 0.139928323392035 0.174215496012846 "Cross-sectional"
"174" 0.514285714285714 "1_damage0" "quality" -3.42538098358872 -3.48989673995369 -3.45478451741346 -3.42096264881956 -3.50505879835496 -3.57629650281831 -3.38669728293571 -3.59831342730849 -3.43575435533876 -3.5985436196954 0.157860225098981 0.141012131577623 0.173157778550685 "Cross-sectional"
"175" 0.542857142857143 "1_damage0" "quality" -3.45102849083154 -3.52273008556149 -3.47918523540412 -3.4558810418154 -3.49907744226838 -3.5958228021387 -3.38644564942764 -3.58598968353342 -3.46573765448656 -3.59753203240325 0.155602300087952 0.141354386836062 0.173199930390487 "Cross-sectional"
"176" 0.571428571428571 "1_damage0" "quality" -3.47144310224103 -3.54982136773415 -3.50029705504824 -3.48588728817492 -3.49609130540355 -3.60872265771362 -3.38580872463111 -3.57010563704188 -3.48959630545857 -3.59368710074424 0.153874533553315 0.139590425775944 0.173306667771993 "Cross-sectional"
"177" 0.6 "1_damage0" "quality" -3.487417437134 -3.57154191514593 -3.51854506434709 -3.51140969470058 -3.49629319157812 -3.61647704934199 -3.38614879587386 -3.55106610804642 -3.50786589480477 -3.58874752409053 0.152559270780177 0.138540394835627 0.173249669914334 "Cross-sectional"
"178" 0.628571428571429 "1_damage0" "quality" -3.49953123709513 -3.58825959928332 -3.53427880079524 -3.53280083062158 -3.4991120753687 -3.62032088888041 -3.38839908554453 -3.52931133933418 -3.52111963035612 -3.58408800764557 0.151578645250889 0.138022749433722 0.172872964867746 "Cross-sectional"
"179" 0.657142857142857 "1_damage0" "quality" -3.50807730245535 -3.60038203801546 -3.5477117369986 -3.55040126902067 -3.50362036854975 -3.62131702191615 -3.39295787724505 -3.50558056579585 -3.52994423358377 -3.58059506478652 0.150880200085008 0.13788890876276 0.172112234164894 "Cross-sectional"
"180" 0.685714285714286 "1_damage0" "quality" -3.51323874232006 -3.60838569590166 -3.55892345409618 -3.5645095315396 -3.50885844723191 -3.6199908153881 -3.39974737532358 -3.48076132192697 -3.53492048042554 -3.5787270851205 0.150434374558235 0.138067126068198 0.170985256891786 "Cross-sectional"
"181" 0.714285714285714 "1_damage0" "quality" -3.51500909963662 -3.61281273493728 -3.56792397187388 -3.57544852140528 -3.51402681801171 -3.61640036640613 -3.40859361849349 -3.45604467515111 -3.53658836601753 -3.57878718041013 0.150218129598517 0.138550740834406 0.169527581487847 "Cross-sectional"
"182" 0.742857142857143 "1_damage0" "quality" -3.51334639701683 -3.61424453903456 -3.57474905996631 -3.58360659447989 -3.51855107643784 -3.61051499870226 -3.41927954039553 -3.43265823905366 -3.53543972658896 -3.58075521294581 0.150205529835904 0.138841911175578 0.167782785359371 "Cross-sectional"
"183" 0.771428571428571 "1_damage0" "quality" -3.50828444925156 -3.61326632103309 -3.57954199196283 -3.58942021326088 -3.52206483594354 -3.60230403600855 -3.43139903356463 -3.41158359002304 -3.53194421700136 -3.5843337594915 0.150371373012537 0.138974227553757 0.169037619199172 "Cross-sectional"
"184" 0.8 "1_damage0" "quality" -3.50000780459954 -3.61044395131523 -3.58256626670185 -3.59332468388246 -3.52436697785034 -3.59184382105797 -3.44444294609219 -3.3933023456914 -3.52652326126592 -3.58911334158992 0.150692497398951 0.13935667687628 0.172054883966844 "Cross-sectional"
"185" 0.828571428571429 "1_damage0" "quality" -3.48883972921045 -3.60632655591994 -3.5841105907676 -3.59570664911835 -3.52539300737457 -3.57963877258734 -3.4579340604575 -3.37769774316204 -3.51957047570344 -3.59470888411725 0.151144286632398 0.139916447727868 0.174671495133848 "Cross-sectional"
"186" 0.857142857142857 "1_damage0" "quality" -3.47514748243896 -3.60140137633727 -3.58446201703499 -3.59689306086209 -3.52520997336332 -3.5663443327229 -3.47152007243083 -3.36416244006739 -3.51141647672362 -3.60074613263081 0.151705194116272 0.140588912639733 0.176972215335589 "Cross-sectional"
"187" 0.885714285714286 "1_damage0" "quality" -3.45922933519182 -3.59608485555948 -3.58389039017248 -3.59719121528224 -3.52399797112201 -3.55277680063133 -3.48501283567822 -3.35185873757145 -3.50235715890242 -3.60689541972398 0.152353036905862 0.141166243166824 0.179088952602865 "Cross-sectional"
"188" 0.914285714285714 "1_damage0" "quality" -3.44125573204297 -3.59077868261604 -3.58262152766232 -3.5968805574335 -3.52197402053983 -3.53967487286152 -3.49837604680929 -3.33996947108397 -3.49259537992352 -3.61302976161926 0.153066957816752 0.141208934256862 0.181157588331627 "Cross-sectional"
"189" 0.942857142857143 "1_damage0" "quality" -3.42130660142274 -3.58585769302944 -3.58087065361753 -3.59623072993499 -3.51941232885758 -3.52744449765239 -3.51166974732943 -3.3277843685013 -3.48223443171777 -3.61915755673409 0.153829729162253 0.141298275181145 0.183301604547804 "Cross-sectional"
"190" 0.971428571428571 "1_damage0" "quality" -3.39946236812244 -3.58155874226071 -3.5788406568924 -3.59549332111025 -3.51658978890201 -3.51608484206654 -3.52496643391316 -3.31496039008732 -3.4713124726539 -3.62528535184892 0.154627440664871 0.141399723730152 0.185584449113066 "Cross-sectional"
"191" 1 "1_damage0" "quality" -3.37585981983752 -3.57796956812914 -3.57667498436453 -3.5948771090268 -3.51369833491267 -3.50530984895532 -3.53831845391766 -3.30124630419771 -3.45985867541918 -3.63141314696375 0.155455228607996 0.141484553042821 0.188056055130833 "Cross-sectional"
"192" 0 "1_damage0" "qualityResource" -3.00758426811807 -2.75605344871972 -3.1076009487568 -3.01833317548938 -2.98250849027467 -2.94633500219936 -2.90193848927219 -3.2007466119638 -2.67566637965485 -2.78690035129149 1 0.817523304709865 1.24799280597994 "Cross-sectional"
"193" 0.0526315789473684 "1_damage0" "qualityResource" -3.04903048082746 -2.81880905538947 -3.12687429092515 -3.07584550576593 -3.02556523195031 -2.99468817301238 -2.93726163761319 -3.0139352254491 -2.82863592323898 -2.86177992005656 0.985707830599361 0.877568984783883 1.17635617164079 "Cross-sectional"
"194" 0.105263157894737 "1_damage0" "qualityResource" -3.08995401828736 -2.88140157817604 -3.14614763650788 -3.13303318717947 -3.06851544751138 -3.04304130536019 -2.97258496087268 -2.87248029513223 -2.97707633520171 -2.93726847867231 0.966499734035386 0.861508141810806 1.11817472847801 "Cross-sectional"
"195" 0.157894736842105 "1_damage0" "qualityResource" -3.12979536120059 -2.94352691675085 -3.16542098957317 -3.1893975863115 -3.11120412598974 -3.09139434715228 -3.00790859472698 -2.81838208438766 -3.11518692470376 -3.01366146101321 0.938113493616754 0.826485051824283 1.17683024548279 "Cross-sectional"
"196" 0.210526315789474 "1_damage0" "qualityResource" -3.16809464826003 -3.0047343518725 -3.18469433767776 -3.24426692876303 -3.15342565593223 -3.139747205509 -3.04323256697153 -2.86686632925725 -3.23717298671368 -3.09048937217069 0.899897322488231 0.784014279580742 1.12413100251615 "Cross-sectional"
"197" 0.263157894736842 "1_damage0" "qualityResource" -3.20450350135854 -3.06450533989072 -3.20396762557108 -3.29682892584779 -3.19491586251803 -3.18809972129828 -3.07855679646375 -2.99407652507275 -3.33881714108751 -3.16639308236009 0.855716809712896 0.745301599066074 0.996256273367688 "Cross-sectional"
"198" 0.315789473684211 "1_damage0" "qualityResource" -3.23868289981341 -3.12236626987651 -3.22324074884999 -3.34617237543097 -3.23533831687014 -3.23645169982167 -3.11388112953389 -3.1488390165171 -3.41844644319772 -3.23940710766611 0.811749733008257 0.710639198901948 0.888557575509141 "Cross-sectional"
"199" 0.368421052631579 "1_damage0" "qualityResource" -3.27024500018116 -3.17797830566284 -3.24251358592176 -3.39137197987367 -3.27429225410349 -3.28480298839728 -3.14920536310901 -3.28165997425205 -3.47710892907996 -3.3074727279755 0.772965860373647 0.680256451109647 0.858986070787454 "Cross-sectional"
"200" 0.421052631578947 "1_damage0" "qualityResource" -3.29882696468938 -3.23115822428931 -3.26178605031545 -3.43163069479134 -3.31135972221541 -3.33315352471602 -3.1845292622618 -3.37130898124389 -3.51794020216947 -3.36893440737733 0.740901103515971 0.654254883411048 0.830358122547906 "Cross-sectional"
"201" 0.473684210526316 "1_damage0" "qualityResource" -3.32424082443836 -3.28182840234689 -3.28105812164101 -3.46645373631507 -3.34618297270214 -3.38150331883126 -3.21985260396771 -3.4275571864875 -3.54496433795049 -3.42282299274372 0.714140027805819 0.632541906441558 0.802646471489354 "Cross-sectional"
"202" 0.526315789473684 "1_damage0" "qualityResource" -3.34655277523647 -3.3299396425435 -3.30032983051611 -3.49570715384522 -3.37853763778428 -3.42985241226997 -3.25517522034988 -3.46600173447726 -3.56178719269955 -3.46886211978046 0.690938654467203 0.614842695938978 0.775824415631252 "Cross-sectional"
"203" 0.578947368421053 "1_damage0" "qualityResource" -3.36600135635962 -3.37542465317604 -3.3196012151527 -3.51941528433693 -3.40836218424815 -3.47820086008454 -3.29049697883384 -3.49795174184844 -3.57066576639842 -3.50727186310181 0.670090638762247 0.600851728528091 0.7498658310522 "Cross-sectional"
"204" 0.631578947368421 "1_damage0" "qualityResource" -3.3828035303463 -3.41821418522514 -3.33887229168211 -3.5379259101172 -3.43572568115156 -3.52654875852314 -3.32581784558055 -3.52552845721088 -3.57224195635019 -3.53851433490004 0.651220358312061 0.590143227999886 0.724745129913268 "Cross-sectional"
"205" 0.684210526315789 "1_damage0" "qualityResource" -3.39696553849542 -3.45827924772841 -3.35814306248982 -3.55168617976011 -3.46075174576729 -3.57489623353251 -3.36113785625378 -3.54651860183121 -3.56591466766861 -3.56311162770743 0.634327108442823 0.569307602290707 0.702467448672969 "Cross-sectional"
"206" 0.736842105263158 "1_damage0" "qualityResource" -3.40844094179599 -3.4956332620052 -3.37741354737614 -3.56120510331998 -3.48354348374522 -3.62324339517776 -3.39645706616475 -3.560644088065 -3.55056376346511 -3.5815842619576 0.619264731312774 0.543136623780141 0.68950271701203 "Cross-sectional"
"207" 0.789473684210526 "1_damage0" "qualityResource" -3.4171654931998 -3.53041716578808 -3.39668379787184 -3.56693396133989 -3.50415406569159 -3.67159031356328 -3.43177553800411 -3.56859248927034 -3.52526473715143 -3.5944192949387 0.605832672634078 0.518138165367476 0.676769393610351 "Cross-sectional"
"208" 0.842105263157895 "1_damage0" "qualityResource" -3.42302368984387 -3.5628037759129 -3.41595387273295 -3.56920146874576 -3.52261981458829 -3.71993704881493 -3.46709333588745 -3.56813057679758 -3.48975303144868 -3.60206801959028 0.594072943150172 0.494262424886797 0.664263601348363 "Cross-sectional"
"209" 0.894736842105263 "1_damage0" "qualityResource" -3.42600232672016 -3.59296590921554 -3.43522383122309 -3.56830873859326 -3.53903559127435 -3.76828365792871 -3.5024105239304 -3.55606033906349 -3.44460111229862 -3.60493391611363 0.584088808305748 0.471461470153197 0.657831358038753 "Cross-sectional"
"210" 0.947368421052632 "1_damage0" "qualityResource" -3.42629769727643 -3.62107239899911 -3.45449373273276 -3.56455709617378 -3.55360005470409 -3.81663019539379 -3.53772716624854 -3.52972359067236 -3.39108690792714 -3.60335256838886 0.57592567827508 0.449689191101923 0.657643199209705 "Cross-sectional"
"211" 1 "1_damage0" "qualityResource" -3.42425619970473 -3.64727614443569 -3.4737636296685 -3.55824871572152 -3.56653536785339 -3.86497670516679 -3.57304333825798 -3.4910399990956 -3.33062858153909 -3.59760012851795 0.569309662976372 0.428901254577311 0.658944751458445 "Cross-sectional"
"212" 0 "1_damage0" "resource" -2.67314624701796 -2.5867267919157 -2.78088743846585 -2.75585667856872 -2.60070872382971 -2.6727397816607 -2.4920014081519 -2.39959501028625 -2.59376910256735 -2.59355415544359 1 0.860228335622943 1.22630248357205 "Cross-sectional"
"213" 0.0555555555555556 "1_damage0" "resource" -2.67605417355091 -2.5935405862436 -2.74007274110903 -2.74811255843827 -2.61688689963037 -2.66982995370158 -2.48492905043585 -2.41782123581898 -2.60610410235746 -2.59462082740725 1.00168091387038 0.887164130016124 1.20596633910039 "Cross-sectional"
"214" 0.111111111111111 "1_damage0" "resource" -2.67896205968775 -2.60035438802279 -2.69975291854088 -2.74036849180049 -2.63306508207688 -2.66692015228901 -2.47785669879417 -2.43593610368542 -2.61843848291286 -2.59590191382108 1.00331961445473 0.893642877951106 1.18605927881342 "Cross-sectional"
"215" 0.166666666666667 "1_damage0" "resource" -2.68186988411787 -2.60716821025045 -2.66063569331595 -2.73262448000321 -2.64924332205045 -2.66401041390641 -2.47078437885977 -2.45384459876475 -2.63077195571148 -2.59765139700395 1.00484417394044 0.900165817558148 1.16667419432204 "Cross-sectional"
"216" 0.222222222222222 "1_damage0" "resource" -2.68477763982995 -2.61398206934452 -2.62360524878337 -2.72488045039523 -2.66542171653606 -2.66110077735066 -2.46371212122126 -2.47150885398173 -2.64310492823556 -2.60010970687877 1.0061549119083 0.906733266758007 1.15611721559141 "Cross-sectional"
"217" 0.277777777777778 "1_damage0" "resource" -2.68768531610162 -2.62079597868026 -2.589663153486 -2.71713630538591 -2.68160036442602 -2.65819127158032 -2.45663993510359 -2.48893680014968 -2.6554384388513 -2.60347447938265 1.00713263322895 0.913345567343572 1.16367463147603 "Cross-sectional"
"218" 0.333333333333333 "1_damage0" "resource" -2.69059293454121 -2.62760994280655 -2.55986222725933 -2.70939200161555 -2.69777931531815 -2.65528190656947 -2.44956781187535 -2.50611582432207 -2.66777372956448 -2.60791196186218 1.00765436150984 0.920003017432921 1.17127712142037 "Cross-sectional"
"219" 0.388888888888889 "1_damage0" "resource" -2.69350064499023 -2.6344239569481 -2.53516248845512 -2.70164758979902 -2.71395855482024 -2.6523726712511 -2.44249575195916 -2.52293640129736 -2.68011180881201 -2.61357232115172 1.0076196166778 0.91607188438633 1.17892489759403 "Cross-sectional"
"220" 0.444444444444444 "1_damage0" "resource" -2.69640879059141 -2.64123801276707 -2.51620429553291 -2.69390318446451 -2.73013803289565 -2.64946354013583 -2.43542377362787 -2.53915490706277 -2.69245327651104 -2.6205787889537 1.00698187895509 0.902269627132479 1.18661815294531 "Cross-sectional"
"221" 0.5 "1_damage0" "resource" -2.69931785919596 -2.648052106175 -2.50309111639687 -2.68615889474374 -2.74631770339698 -2.64655448573647 -2.42835189563032 -2.55442055106431 -2.7047984312913 -2.62898846589772 1.0057711176897 0.888661795153046 1.19435707968069 "Cross-sectional"
"222" 0.555555555555556 "1_damage0" "resource" -2.70222835002839 -2.65486624076951 -2.4953178506527 -2.6784147781147 -2.76249754107745 -2.64364549032369 -2.42128012635212 -2.5683537028886 -2.71714746671262 -2.63874976848167 1.00409266212073 0.875246073570182 1.20214188120048 "Cross-sectional"
"223" 0.611111111111111 "1_damage0" "resource" -2.70514066410715 -2.66168042349484 -2.49192095886661 -2.67067085339597 -2.77867753274385 -2.64073655039725 -2.41420847375743 -2.58063494081509 -2.72950056547694 -2.64970461159246 1.00209840877845 0.862020152485125 1.20997276137979 "Cross-sectional"
"224" 0.666666666666667 "1_damage0" "resource" -2.70805508311131 -2.66849465518573 -2.49179765252998 -2.66292715304561 -2.79485766486254 -2.63782767112706 -2.40713695250128 -2.5910618052627 -2.74185785651998 -2.66166445924855 0.999942143213401 0.848981737909969 1.21784991662266 "Cross-sectional"
"225" 0.722222222222222 "1_damage0" "resource" -2.71097179970411 -2.67530892540412 -2.49403718407217 -2.65518375952048 -2.81103792530968 -2.63491885380614 -2.40006557344097 -2.59955257406915 -2.75421925134327 -2.67440738761489 0.997740213932982 0.836128550655479 1.22577354741459 "Cross-sectional"
"226" 0.777777777777778 "1_damage0" "resource" -2.71389092620779 -2.68212322116133 -2.49810652699751 -2.64744078654769 -2.82721831387054 -2.63201008352075 -2.39299433354606 -2.60610748565269 -2.76658454066867 -2.6877139542642 0.995554719516835 0.823458318519825 1.23374386983912 "Cross-sectional"
"227" 0.833333333333333 "1_damage0" "resource" -2.71681248762876 -2.68893752946868 -2.50383379019486 -2.6396983169662 -2.84339884455814 -2.62910132702262 -2.38592322141158 -2.61075815387446 -2.77895321820133 -2.70140575557392 0.993401816875108 0.810968775427722 1.24176110975676 "Cross-sectional"
"228" 0.888888888888889 "1_damage0" "resource" -2.71973646434702 -2.69575183804483 -2.51125101749766 -2.63195634778956 -2.85957953414765 -2.62619254721115 -2.37885222712471 -2.6135349172575 -2.79132460007963 -2.71536287694867 0.991274126644614 0.798657671094799 1.24982549178879 "Cross-sectional"
"229" 0.944444444444444 "1_damage0" "resource" -2.72266272181415 -2.70256613906848 -2.52040986265008 -2.62421479388567 -2.87576038810011 -2.62328370798576 -2.37178134413191 -2.61446370387032 -2.80369807360144 -2.72951664790628 0.989162598668385 0.786522781847125 1.25793723711019 "Cross-sectional"
"230" 1 "1_damage0" "resource" -2.72559106234956 -2.7093804335037 -2.53128748989927 -2.61647355357956 -2.8919413962855 -2.62037477966066 -2.36471056657558 -2.61358300939985 -2.81607322327802 -2.74380866322451 0.98706539198649 0.774561913326926 1.26609656640925 "Cross-sectional"
