"maternalAge" "scenario" "rep1" "rep10" "rep2" "rep3" "rep4" "rep5" "rep6" "rep7" "rep8" "rep9" "mean" "min" "max"
"1" 0 "damage" 5000 5000 5000 5000 5000 5000 5000 5000 5000 5000 5000 5000 5000
"2" 1 "damage" 4279 4272 4260 4333 4290 4311 4283 4333 4310 4319 4299 4260 4333
"3" 2 "damage" 3694 3684 3680 3736 3690 3744 3717 3744 3749 3729 3716.7 3680 3749
"4" 3 "damage" 3215 3208 3208 3254 3206 3255 3281 3289 3273 3216 3240.5 3206 3289
"5" 4 "damage" 2790 2770 2792 2856 2787 2847 2875 2864 2880 2815 2827.6 2770 2880
"6" 5 "damage" 2437 2459 2452 2503 2471 2477 2521 2518 2498 2462 2479.8 2437 2521
"7" 6 "damage" 2164 2163 2177 2206 2168 2207 2233 2258 2238 2199 2201.3 2163 2258
"8" 7 "damage" 1919 1940 1942 1973 1937 1991 1975 2002 2007 1974 1966 1919 2007
"9" 8 "damage" 1741 1743 1722 1768 1754 1780 1775 1791 1814 1794 1768.2 1722 1814
"10" 9 "damage" 1571 1535 1553 1572 1579 1594 1576 1622 1638 1615 1585.5 1535 1638
"11" 10 "damage" 1410 1395 1414 1415 1424 1453 1401 1452 1454 1470 1428.8 1395 1470
"12" 11 "damage" 1283 1262 1299 1291 1282 1312 1270 1326 1314 1346 1298.5 1262 1346
"13" 12 "damage" 1159 1145 1178 1154 1167 1185 1162 1191 1182 1229 1175.2 1145 1229
"14" 13 "damage" 1070 1057 1079 1051 1077 1070 1061 1072 1090 1133 1076 1051 1133
"15" 14 "damage" 1004 980 998 973 1005 974 990 982 1003 1031 994 973 1031
"16" 15 "damage" 927 900 910 887 926 899 928 908 915 957 915.7 887 957
"17" 16 "damage" 861 833 841 813 878 831 864 860 853 883 851.7 813 883
"18" 17 "damage" 792 775 792 749 819 770 797 806 796 827 792.3 749 827
"19" 18 "damage" 732 729 740 714 760 717 751 756 738 776 741.3 714 776
"20" 19 "damage" 668 681 687 663 708 676 695 703 699 722 690.2 663 722
"21" 20 "damage" 623 647 651 627 663 627 660 664 654 676 649.2 623 676
"22" 21 "damage" 575 608 608 596 626 600 618 630 621 629 611.1 575 630
"23" 22 "damage" 549 574 581 568 600 571 582 598 586 592 580.1 549 600
"24" 23 "damage" 524 535 549 547 568 540 558 562 548 560 549.1 524 568
"25" 24 "damage" 499 509 516 512 545 513 521 528 523 526 519.2 499 545
"26" 25 "damage" 478 484 489 488 522 487 507 503 495 502 495.5 478 522
"27" 26 "damage" 458 463 469 475 498 470 482 480 477 483 475.5 458 498
"28" 27 "damage" 438 443 452 448 486 450 465 464 458 455 455.9 438 486
"29" 28 "damage" 418 434 432 429 460 429 448 439 430 427 434.6 418 460
"30" 29 "damage" 404 411 414 415 449 415 427 417 413 412 417.7 404 449
"31" 30 "damage" 392 398 402 402 430 403 409 403 386 392 401.7 386 430
"32" 31 "damage" 381 386 389 390 413 390 392 391 372 375 387.9 372 413
"33" 32 "damage" 364 370 368 381 394 382 378 379 361 361 373.8 361 394
"34" 33 "damage" 347 365 356 369 382 372 365 366 351 348 362.1 347 382
"35" 34 "damage" 338 351 338 359 370 368 354 354 340 337 350.9 337 370
"36" 35 "damage" 327 337 322 348 356 359 342 346 328 328 339.3 322 359
"37" 36 "damage" 322 328 313 337 346 345 329 330 315 321 328.6 313 346
"38" 37 "damage" 316 319 302 322 333 337 325 320 302 315 319.1 302 337
"39" 38 "damage" 311 310 290 309 320 332 320 312 294 305 310.3 290 332
"40" 39 "damage" 303 298 282 300 308 324 309 305 289 298 301.6 282 324
"41" 0 "damageQuality" 5000 5000 5000 5000 5000 5000 5000 5000 5000 5000 5000 5000 5000
"42" 1 "damageQuality" 2975 2934 3120 2936 3233 3187 3108 2917 3000 3122 3053.2 2917 3233
"43" 2 "damageQuality" 2148 2102 2279 2055 2339 2346 2210 2044 2122 2265 2191 2044 2346
"44" 3 "damageQuality" 1674 1592 1765 1574 1772 1828 1706 1564 1606 1751 1683.2 1564 1828
"45" 4 "damageQuality" 1362 1285 1445 1301 1403 1443 1378 1220 1281 1355 1347.3 1220 1445
"46" 5 "damageQuality" 1113 1080 1187 1036 1162 1197 1138 996 1045 1114 1106.8 996 1197
"47" 6 "damageQuality" 956 920 1005 863 976 998 964 841 889 918 933 841 1005
"48" 7 "damageQuality" 804 788 865 757 826 848 806 719 759 776 794.8 719 865
"49" 8 "damageQuality" 712 694 729 631 690 728 685 616 667 674 682.6 616 729
"50" 9 "damageQuality" 610 597 632 528 587 623 589 540 575 587 586.8 528 632
"51" 10 "damageQuality" 545 520 540 463 507 543 513 475 493 509 510.8 463 545
"52" 11 "damageQuality" 470 469 470 400 439 479 451 427 443 453 450.1 400 479
"53" 12 "damageQuality" 429 413 425 345 383 422 395 373 384 396 396.5 345 429
"54" 13 "damageQuality" 377 362 370 315 341 374 347 348 344 342 352 315 377
"55" 14 "damageQuality" 338 321 329 280 298 331 317 309 310 299 313.2 280 338
"56" 15 "damageQuality" 302 295 288 251 278 288 285 274 287 258 280.6 251 302
"57" 16 "damageQuality" 272 267 264 222 255 259 250 252 250 232 252.3 222 272
"58" 17 "damageQuality" 245 240 242 202 221 230 230 232 226 213 228.1 202 245
"59" 18 "damageQuality" 226 227 214 174 197 213 203 212 204 184 205.4 174 227
"60" 19 "damageQuality" 208 212 196 156 175 186 183 192 188 161 185.7 156 212
"61" 20 "damageQuality" 188 199 176 140 156 166 163 175 170 149 168.2 140 199
"62" 21 "damageQuality" 167 173 159 130 136 157 144 161 153 137 151.7 130 173
"63" 22 "damageQuality" 149 153 152 120 126 145 129 147 137 122 138 120 153
"64" 23 "damageQuality" 143 145 142 113 118 133 120 135 123 111 128.3 111 145
"65" 24 "damageQuality" 137 135 133 105 112 114 107 126 117 105 119.1 105 137
"66" 25 "damageQuality" 121 124 121 94 103 110 100 111 104 102 109 94 124
"67" 26 "damageQuality" 112 112 110 86 98 102 95 99 100 94 100.8 86 112
"68" 27 "damageQuality" 105 107 100 82 91 96 90 95 94 86 94.6 82 107
"69" 28 "damageQuality" 93 101 96 75 88 87 83 89 91 83 88.6 75 101
"70" 29 "damageQuality" 88 90 88 70 82 83 79 84 83 76 82.3 70 90
"71" 30 "damageQuality" 84 88 84 64 77 76 69 76 79 69 76.6 64 88
"72" 31 "damageQuality" 80 85 78 61 72 73 66 69 75 66 72.5 61 85
"73" 32 "damageQuality" 77 79 76 60 66 69 60 67 72 62 68.8 60 79
"74" 33 "damageQuality" 68 74 73 57 65 59 59 63 67 56 64.1 56 74
"75" 34 "damageQuality" 66 68 73 54 64 54 57 59 65 54 61.4 54 73
"76" 35 "damageQuality" 64 65 70 51 59 44 51 57 63 54 57.8 44 70
"77" 36 "damageQuality" 59 63 67 49 56 41 50 52 59 48 54.4 41 67
"78" 37 "damageQuality" 58 60 67 47 54 41 47 51 54 42 52.1 41 67
"79" 38 "damageQuality" 54 54 66 45 52 39 45 48 49 41 49.3 39 66
"80" 39 "damageQuality" 48 53 65 43 47 36 42 46 46 40 46.6 36 65
"81" 0 "damageQualityResource" 5000 5000 5000 5000 5000 5000 5000 5000 5000 5000 5000 5000 5000
"82" 1 "damageQualityResource" 3087 3092 3058 3078 3032 3021 3104 3059 2996 2999 3052.6 2996 3104
"83" 2 "damageQualityResource" 2045 2066 1993 2035 2010 2054 2059 1988 2005 1959 2021.4 1959 2066
"84" 3 "damageQualityResource" 1374 1487 1353 1438 1384 1420 1423 1393 1389 1330 1399.1 1330 1487
"85" 4 "damageQualityResource" 962 1087 937 999 993 1018 989 972 976 931 986.4 931 1087
"86" 5 "damageQualityResource" 683 768 658 710 696 744 746 681 680 677 704.3 658 768
"87" 6 "damageQualityResource" 505 563 482 506 522 550 562 502 513 523 522.8 482 563
"88" 7 "damageQualityResource" 380 437 378 366 394 406 429 371 394 393 394.8 366 437
"89" 8 "damageQualityResource" 283 339 284 279 320 309 325 286 290 314 302.9 279 339
"90" 9 "damageQualityResource" 215 249 218 215 231 225 248 225 234 233 229.3 215 249
"91" 10 "damageQualityResource" 155 189 166 159 185 170 193 172 183 180 175.2 155 193
"92" 11 "damageQualityResource" 120 144 120 133 143 131 149 117 141 150 134.8 117 150
"93" 12 "damageQualityResource" 91 118 93 101 113 103 122 90 113 109 105.3 90 122
"94" 13 "damageQualityResource" 63 93 72 77 89 81 109 69 86 83 82.2 63 109
"95" 14 "damageQualityResource" 45 67 53 51 67 64 69 51 67 68 60.2 45 69
"96" 15 "damageQualityResource" 36 48 44 42 56 53 58 40 50 55 48.2 36 58
"97" 16 "damageQualityResource" 29 38 39 35 40 42 44 35 36 42 38 29 44
"98" 17 "damageQualityResource" 25 31 32 29 36 33 34 29 24 32 30.5 24 36
"99" 18 "damageQualityResource" 21 18 27 22 28 29 29 24 17 24 23.9 17 29
"100" 19 "damageQualityResource" 16 13 23 16 26 21 21 16 15 20 18.7 13 26
"101" 20 "damageQualityResource" 10 10 17 6 18 16 19 10 11 16 13.3 6 19
"102" 21 "damageQualityResource" 10 7 16 6 18 12 12 9 10 0 10 0 18
"103" 22 "damageQualityResource" 7 6 15 5 12 11 10 9 8 0 8.3 0 15
"104" 23 "damageQualityResource" 2 6 13 2 8 9 6 8 7 0 6.1 0 13
"105" 24 "damageQualityResource" 1 0 9 1 7 7 5 7 7 0 4.4 0 9
"106" 25 "damageQualityResource" 0 0 8 1 4 5 5 6 7 0 3.6 0 8
"107" 26 "damageQualityResource" 0 0 6 1 3 4 4 5 5 0 2.8 0 6
"108" 27 "damageQualityResource" 0 0 0 1 1 3 3 5 0 0 1.3 0 5
"109" 28 "damageQualityResource" 0 0 0 0 1 3 3 5 0 0 1.2 0 5
"110" 29 "damageQualityResource" 0 0 0 0 0 3 3 4 0 0 1 0 4
"111" 30 "damageQualityResource" 0 0 0 0 0 0 1 4 0 0 0.5 0 4
"112" 31 "damageQualityResource" 0 0 0 0 0 0 0 4 0 0 0.4 0 4
"113" 32 "damageQualityResource" 0 0 0 0 0 0 0 3 0 0 0.3 0 3
"114" 33 "damageQualityResource" 0 0 0 0 0 0 0 3 0 0 0.3 0 3
"115" 34 "damageQualityResource" 0 0 0 0 0 0 0 3 0 0 0.3 0 3
"116" 35 "damageQualityResource" 0 0 0 0 0 0 0 3 0 0 0.3 0 3
"117" 36 "damageQualityResource" 0 0 0 0 0 0 0 3 0 0 0.3 0 3
"118" 37 "damageQualityResource" 0 0 0 0 0 0 0 2 0 0 0.2 0 2
"119" 38 "damageQualityResource" 0 0 0 0 0 0 0 2 0 0 0.2 0 2
"120" 39 "damageQualityResource" 0 0 0 0 0 0 0 2 0 0 0.2 0 2
"121" 0 "damageResource" 5000 5000 5000 5000 5000 5000 5000 5000 5000 5000 5000 5000 5000
"122" 1 "damageResource" 3657 3638 3626 3608 3633 3601 3636 3652 3683 3683 3641.7 3601 3683
"123" 2 "damageResource" 2668 2679 2644 2672 2711 2635 2643 2648 2708 2654 2666.2 2635 2711
"124" 3 "damageResource" 1987 1955 1944 1970 1995 1991 1968 2003 1976 2021 1981 1944 2021
"125" 4 "damageResource" 1485 1484 1492 1497 1490 1485 1496 1493 1465 1514 1490.1 1465 1514
"126" 5 "damageResource" 1104 1105 1118 1131 1112 1133 1115 1138 1103 1130 1118.9 1103 1138
"127" 6 "damageResource" 832 830 859 845 825 873 844 850 825 864 844.7 825 873
"128" 7 "damageResource" 645 652 645 639 622 664 648 652 624 665 645.6 622 665
"129" 8 "damageResource" 505 510 507 503 480 506 482 485 472 512 496.2 472 512
"130" 9 "damageResource" 381 400 384 386 364 418 371 377 363 394 383.8 363 418
"131" 10 "damageResource" 293 316 300 300 297 348 290 294 281 316 303.5 281 348
"132" 11 "damageResource" 223 245 238 223 246 262 229 235 219 248 236.8 219 262
"133" 12 "damageResource" 166 190 181 171 194 209 189 185 176 205 186.6 166 209
"134" 13 "damageResource" 126 145 139 131 154 160 146 137 136 177 145.1 126 177
"135" 14 "damageResource" 101 117 111 99 118 121 127 95 109 137 113.5 95 137
"136" 15 "damageResource" 79 94 90 78 92 95 98 74 87 115 90.2 74 115
"137" 16 "damageResource" 67 69 76 63 74 78 88 59 66 92 73.2 59 92
"138" 17 "damageResource" 42 57 64 47 63 65 69 42 47 70 56.6 42 70
"139" 18 "damageResource" 30 46 46 30 49 54 53 37 39 55 43.9 30 55
"140" 19 "damageResource" 26 36 36 22 39 47 41 28 31 45 35.1 22 47
"141" 20 "damageResource" 21 30 31 15 34 32 33 24 28 34 28.2 15 34
"142" 21 "damageResource" 15 22 25 14 29 24 25 21 27 25 22.7 14 29
"143" 22 "damageResource" 12 16 22 7 17 20 18 11 22 18 16.3 7 22
"144" 23 "damageResource" 8 12 14 5 12 12 13 9 16 12 11.3 5 16
"145" 24 "damageResource" 5 9 13 5 10 10 10 7 13 10 9.2 5 13
"146" 25 "damageResource" 5 9 8 2 9 7 5 4 9 7 6.5 2 9
"147" 26 "damageResource" 4 9 7 2 8 6 3 3 8 6 5.6 2 9
"148" 27 "damageResource" 3 7 6 1 8 6 3 2 6 3 4.5 1 8
"149" 28 "damageResource" 2 6 5 1 8 5 3 1 5 2 3.8 1 8
"150" 29 "damageResource" 1 4 4 1 7 5 2 1 3 1 2.9 1 7
"151" 30 "damageResource" 1 4 4 1 5 5 2 1 3 1 2.7 1 5
"152" 31 "damageResource" 0 2 4 1 5 4 0 1 2 0 1.9 0 5
"153" 32 "damageResource" 0 2 4 1 5 2 0 1 2 0 1.7 0 5
"154" 33 "damageResource" 0 2 1 1 4 2 0 0 0 0 1 0 4
"155" 34 "damageResource" 0 2 1 0 4 2 0 0 0 0 0.9 0 4
"156" 35 "damageResource" 0 2 0 0 3 0 0 0 0 0 0.5 0 3
"157" 36 "damageResource" 0 2 0 0 2 0 0 0 0 0 0.4 0 2
"158" 37 "damageResource" 0 0 0 0 2 0 0 0 0 0 0.2 0 2
"159" 38 "damageResource" 0 0 0 0 2 0 0 0 0 0 0.2 0 2
"160" 39 "damageResource" 0 0 0 0 1 0 0 0 0 0 0.1 0 1
"161" 0 "null" 5000 5000 5000 5000 5000 5000 5000 5000 5000 5000 5000 5000 5000
"162" 1 "null" 4904 4905 4910 4896 4884 4894 4890 4905 4907 4899 4899.4 4884 4910
"163" 2 "null" 4795 4803 4794 4790 4791 4762 4765 4803 4787 4800 4789 4762 4803
"164" 3 "null" 4674 4678 4678 4651 4679 4650 4636 4678 4652 4677 4665.3 4636 4679
"165" 4 "null" 4546 4512 4563 4511 4563 4523 4521 4551 4491 4547 4532.8 4491 4563
"166" 5 "null" 4414 4368 4427 4377 4436 4376 4374 4412 4343 4411 4393.8 4343 4436
"167" 6 "null" 4272 4216 4265 4218 4301 4208 4209 4266 4197 4259 4241.1 4197 4301
"168" 7 "null" 4076 4039 4082 4072 4102 4061 4048 4120 4015 4118 4073.3 4015 4120
"169" 8 "null" 3895 3860 3884 3893 3883 3864 3852 3939 3833 3910 3881.3 3833 3939
"170" 9 "null" 3681 3636 3621 3646 3619 3625 3633 3707 3603 3661 3643.2 3603 3707
"171" 10 "null" 3460 3369 3311 3346 3300 3315 3366 3428 3402 3347 3364.4 3300 3460
"172" 11 "null" 3119 3016 3007 3030 3004 2880 3032 3124 3074 3066 3035.2 2880 3124
"173" 12 "null" 2726 2649 2546 2603 2428 2272 2684 2690 2643 2682 2592.3 2272 2726
"174" 13 "null" 1973 1859 1603 2001 1051 1584 1957 2044 1944 1887 1790.3 1051 2044
"175" 14 "null" 1125 854 506 567 4 5 1026 689 917 790 648.3 4 1125
"176" 15 "null" 141 3 0 0 0 0 24 4 0 1 17.3 0 141
"177" 0 "nullDamage" 5000 5000 5000 5000 5000 5000 5000 5000 5000 5000 5000 5000 5000
"178" 1 "nullDamage" 4271 4323 4336 4275 4280 4290 4241 4287 4274 4287 4286.4 4241 4336
"179" 2 "nullDamage" 3674 3717 3758 3646 3698 3714 3660 3678 3683 3672 3690 3646 3758
"180" 3 "nullDamage" 3156 3234 3226 3105 3159 3231 3122 3147 3141 3145 3166.6 3105 3234
"181" 4 "nullDamage" 2734 2766 2788 2666 2707 2774 2705 2684 2721 2748 2729.3 2666 2788
"182" 5 "nullDamage" 2336 2417 2410 2322 2311 2392 2335 2345 2332 2340 2354 2311 2417
"183" 6 "nullDamage" 1973 2079 2089 2002 1985 2034 1996 2006 1980 2006 2015 1973 2089
"184" 7 "nullDamage" 1662 1765 1799 1737 1659 1724 1691 1687 1683 1699 1710.6 1659 1799
"185" 8 "nullDamage" 1360 1467 1493 1437 1371 1386 1382 1373 1384 1444 1409.7 1360 1493
"186" 9 "nullDamage" 1009 1100 1174 1094 1101 1040 1060 1040 1070 1127 1081.5 1009 1174
"187" 10 "nullDamage" 570 679 766 643 733 534 648 628 622 572 639.5 534 766
"188" 11 "nullDamage" 57 207 198 130 295 54 132 30 11 154 126.8 11 295
"189" 12 "nullDamage" 0 1 0 0 0 0 0 0 0 0 0.1 0 1
"190" 0 "nullDamageQuality" 5000 5000 5000 5000 5000 5000 5000 5000 5000 5000 5000 5000 5000
"191" 1 "nullDamageQuality" 4092 4032 4089 4026 4012 4076 4072 4090 4136 4121 4074.6 4012 4136
"192" 2 "nullDamageQuality" 3366 3306 3422 3336 3305 3377 3391 3425 3452 3419 3379.9 3305 3452
"193" 3 "nullDamageQuality" 2795 2794 2859 2765 2766 2839 2854 2851 2900 2865 2828.8 2765 2900
"194" 4 "nullDamageQuality" 2376 2365 2402 2337 2340 2430 2395 2353 2442 2395 2383.5 2337 2442
"195" 5 "nullDamageQuality" 1992 1987 2020 1968 1978 2013 1987 1973 2036 2029 1998.3 1968 2036
"196" 6 "nullDamageQuality" 1640 1687 1679 1667 1690 1710 1690 1668 1714 1694 1683.9 1640 1714
"197" 7 "nullDamageQuality" 1387 1421 1454 1385 1399 1432 1403 1409 1448 1405 1414.3 1385 1454
"198" 8 "nullDamageQuality" 1159 1190 1216 1159 1157 1145 1168 1181 1192 1176 1174.3 1145 1216
"199" 9 "nullDamageQuality" 913 967 1007 918 935 958 927 981 978 978 956.2 913 1007
"200" 10 "nullDamageQuality" 654 699 795 679 703 677 668 761 746 757 713.9 654 795
"201" 11 "nullDamageQuality" 25 204 426 48 141 3 2 216 110 491 166.6 2 491
"202" 12 "nullDamageQuality" 0 0 2 0 0 0 0 0 0 4 0.6 0 4
"203" 0 "nullDamageQualityResource" 5000 5000 5000 5000 5000 5000 5000 5000 5000 5000 5000 5000 5000
"204" 1 "nullDamageQualityResource" 3441 3418 3425 3425 3446 3453 3478 3460 3493 3400 3443.9 3400 3493
"205" 2 "nullDamageQualityResource" 2410 2349 2380 2332 2408 2422 2422 2387 2456 2359 2392.5 2332 2456
"206" 3 "nullDamageQualityResource" 1675 1665 1658 1625 1675 1723 1688 1650 1750 1671 1678 1625 1750
"207" 4 "nullDamageQualityResource" 1163 1150 1147 1133 1137 1173 1151 1143 1199 1099 1149.5 1099 1199
"208" 5 "nullDamageQualityResource" 784 806 791 776 799 821 813 756 835 751 793.2 751 835
"209" 6 "nullDamageQualityResource" 520 500 514 529 539 536 527 496 561 457 517.9 457 561
"210" 7 "nullDamageQualityResource" 251 284 295 243 319 277 274 287 340 289 285.9 243 340
"211" 8 "nullDamageQualityResource" 0 18 10 0 65 2 9 27 76 11 21.8 0 76
"212" 0 "nullDamageResource" 5000 5000 5000 5000 5000 5000 5000 5000 5000 5000 5000 5000 5000
"213" 1 "nullDamageResource" 3586 3569 3571 3561 3508 3576 3585 3587 3580 3558 3568.1 3508 3587
"214" 2 "nullDamageResource" 2560 2524 2538 2566 2489 2583 2546 2545 2530 2489 2537 2489 2583
"215" 3 "nullDamageResource" 1861 1785 1812 1826 1773 1875 1792 1822 1785 1783 1811.4 1773 1875
"216" 4 "nullDamageResource" 1328 1286 1288 1309 1251 1335 1302 1289 1263 1252 1290.3 1251 1335
"217" 5 "nullDamageResource" 913 863 823 901 867 925 908 873 891 857 882.1 823 925
"218" 6 "nullDamageResource" 583 550 489 600 550 611 592 545 593 547 566 489 611
"219" 7 "nullDamageResource" 182 99 216 242 129 281 229 222 252 251 210.3 99 281
"220" 8 "nullDamageResource" 0 0 0 0 0 12 0 4 2 15 3.3 0 15
"221" 0 "nullQuality" 5000 5000 5000 5000 5000 5000 5000 5000 5000 5000 5000 5000 5000
"222" 1 "nullQuality" 4590 4611 4629 4623 4608 4614 4601 4586 4565 4588 4601.5 4565 4629
"223" 2 "nullQuality" 4284 4321 4345 4313 4254 4298 4302 4267 4253 4290 4292.7 4253 4345
"224" 3 "nullQuality" 4013 4053 4075 4057 4025 4049 4035 4009 3984 4042 4034.2 3984 4075
"225" 4 "nullQuality" 3774 3808 3822 3824 3761 3815 3827 3779 3749 3804 3796.3 3749 3827
"226" 5 "nullQuality" 3542 3589 3607 3631 3525 3569 3596 3531 3550 3570 3571 3525 3631
"227" 6 "nullQuality" 3320 3350 3395 3408 3320 3343 3373 3297 3370 3337 3351.3 3297 3408
"228" 7 "nullQuality" 3116 3118 3182 3182 3089 3153 3156 3103 3155 3126 3138 3089 3182
"229" 8 "nullQuality" 2913 2901 2957 2962 2885 2932 2969 2877 2943 2916 2925.5 2877 2969
"230" 9 "nullQuality" 2693 2676 2730 2740 2669 2735 2737 2685 2750 2696 2711.1 2669 2750
"231" 10 "nullQuality" 2474 2433 2490 2504 2448 2508 2485 2462 2524 2476 2480.4 2433 2524
"232" 11 "nullQuality" 2264 2191 2253 2285 2163 2269 2272 2238 2294 2245 2247.4 2163 2294
"233" 12 "nullQuality" 1983 1920 2032 2084 1934 1979 2016 1973 1978 2061 1996 1920 2084
"234" 13 "nullQuality" 1694 1430 1540 1801 1640 1723 1683 1712 105 1755 1508.3 105 1801
"235" 14 "nullQuality" 392 5 3 1461 1041 863 149 951 0 1368 623.3 0 1461
"236" 15 "nullQuality" 0 0 0 4 2 2 0 3 0 2 1.3 0 4
"237" 0 "nullQualityResource" 5000 5000 5000 5000 5000 5000 5000 5000 5000 5000 5000 5000 5000
"238" 1 "nullQualityResource" 4031 4027 4000 3961 3987 4043 4029 4086 4054 4000 4021.8 3961 4086
"239" 2 "nullQualityResource" 3267 3259 3220 3174 3221 3245 3277 3282 3314 3271 3253 3174 3314
"240" 3 "nullQualityResource" 2643 2619 2593 2539 2596 2592 2650 2663 2667 2632 2619.4 2539 2667
"241" 4 "nullQualityResource" 2109 2098 2085 2048 2107 2096 2138 2115 2151 2100 2104.7 2048 2151
"242" 5 "nullQualityResource" 1694 1692 1671 1623 1653 1607 1696 1655 1728 1669 1668.8 1607 1728
"243" 6 "nullQualityResource" 1335 1332 1313 1275 1284 1217 1330 1310 1349 1340 1308.5 1217 1349
"244" 7 "nullQualityResource" 1017 1009 977 958 993 913 993 995 1030 998 988.3 913 1030
"245" 8 "nullQualityResource" 717 689 685 663 707 646 682 728 724 719 696 646 728
"246" 9 "nullQualityResource" 382 360 343 256 395 396 407 416 428 404 378.7 256 428
"247" 10 "nullQualityResource" 36 0 0 1 0 39 60 56 45 0 23.7 0 60
"248" 0 "nullResource" 5000 5000 5000 5000 5000 5000 5000 5000 5000 5000 5000 5000 5000
"249" 1 "nullResource" 4191 4188 4247 4177 4253 4171 4198 4174 4134 4188 4192.1 4134 4253
"250" 2 "nullResource" 3457 3468 3543 3523 3567 3429 3514 3484 3394 3470 3484.9 3394 3567
"251" 3 "nullResource" 2831 2892 2964 2955 2953 2892 2861 2879 2816 2896 2893.9 2816 2964
"252" 4 "nullResource" 2298 2424 2446 2468 2434 2380 2346 2333 2331 2381 2384.1 2298 2468
"253" 5 "nullResource" 1843 1961 1993 1994 1960 1907 1884 1882 1844 1901 1916.9 1843 1994
"254" 6 "nullResource" 1456 1557 1590 1592 1522 1490 1466 1513 1467 1522 1517.5 1456 1592
"255" 7 "nullResource" 1109 1153 1174 1207 1146 1135 1101 1161 1139 1151 1147.6 1101 1207
"256" 8 "nullResource" 684 773 844 852 810 741 777 797 822 774 787.4 684 852
"257" 9 "nullResource" 219 104 250 338 306 228 320 295 475 261 279.6 104 475
"258" 10 "nullResource" 0 0 2 0 0 0 0 0 54 0 5.6 0 54
"259" 0 "quality" 5000 5000 5000 5000 5000 5000 5000 5000 5000 5000 5000 5000 5000
"260" 1 "quality" 2392 2525 2500 2533 2410 2367 2353 2489 2420 2444 2443.3 2353 2533
"261" 2 "quality" 1725 1819 1793 1863 1723 1676 1682 1770 1712 1742 1750.5 1676 1863
"262" 3 "quality" 1382 1421 1431 1476 1372 1337 1327 1408 1325 1413 1389.2 1325 1476
"263" 4 "quality" 1200 1223 1237 1277 1193 1162 1152 1220 1137 1193 1199.4 1137 1277
"264" 5 "quality" 1109 1090 1111 1157 1079 1063 1020 1113 1012 1083 1083.7 1012 1157
"265" 6 "quality" 1057 1016 1030 1074 1006 1006 949 1040 940 1010 1012.8 940 1074
"266" 7 "quality" 1001 955 961 1008 936 959 900 983 894 955 955.2 894 1008
"267" 8 "quality" 956 905 920 947 884 912 867 934 855 919 909.9 855 956
"268" 9 "quality" 912 857 887 901 852 881 838 904 818 884 873.4 818 912
"269" 10 "quality" 879 815 853 862 825 850 802 870 805 856 841.7 802 879
"270" 11 "quality" 848 791 817 822 805 834 777 837 791 832 815.4 777 848
"271" 12 "quality" 821 760 784 800 779 813 754 801 773 816 790.1 754 821
"272" 13 "quality" 788 734 755 760 765 787 728 779 757 799 765.2 728 799
"273" 14 "quality" 763 706 729 738 746 775 707 743 728 770 740.5 706 775
"274" 15 "quality" 737 681 710 715 726 753 692 722 714 762 721.2 681 762
"275" 16 "quality" 713 659 688 696 712 736 678 698 699 732 701.1 659 736
"276" 17 "quality" 694 639 661 674 693 717 663 684 683 714 682.2 639 717
"277" 18 "quality" 683 624 648 659 677 696 649 664 673 703 667.6 624 703
"278" 19 "quality" 670 605 627 647 663 683 637 650 652 680 651.4 605 683
"279" 20 "quality" 658 593 607 627 646 661 619 629 642 665 634.7 593 665
"280" 21 "quality" 645 577 592 604 631 651 607 607 628 652 619.4 577 652
"281" 22 "quality" 634 560 573 581 623 641 589 598 613 641 605.3 560 641
"282" 23 "quality" 620 545 557 566 611 627 573 582 604 624 590.9 545 627
"283" 24 "quality" 604 534 550 552 598 613 566 565 595 603 578 534 613
"284" 25 "quality" 595 519 535 539 582 594 549 550 577 593 563.3 519 595
"285" 26 "quality" 580 509 518 527 567 585 528 535 568 581 549.8 509 585
"286" 27 "quality" 568 495 505 516 558 570 514 523 560 573 538.2 495 573
"287" 28 "quality" 556 482 492 501 547 555 507 510 545 562 525.7 482 562
"288" 29 "quality" 548 473 479 493 536 546 492 501 535 550 515.3 473 550
"289" 30 "quality" 538 462 463 482 526 529 484 490 523 540 503.7 462 540
"290" 31 "quality" 532 450 454 474 518 517 475 482 515 529 494.6 450 532
"291" 32 "quality" 522 438 445 464 506 504 470 468 505 517 483.9 438 522
"292" 33 "quality" 512 426 437 448 498 493 461 459 494 509 473.7 426 512
"293" 34 "quality" 505 415 429 437 485 489 455 453 484 495 464.7 415 505
"294" 35 "quality" 497 406 417 424 472 486 444 444 478 480 454.8 406 497
"295" 36 "quality" 493 398 410 416 461 479 436 439 471 470 447.3 398 493
"296" 37 "quality" 483 385 400 408 454 476 428 430 464 464 439.2 385 483
"297" 38 "quality" 475 377 392 397 437 466 420 421 458 458 430.1 377 475
"298" 39 "quality" 466 369 389 388 428 459 414 415 450 448 422.6 369 466
"299" 0 "qualityResource" 5000 5000 5000 5000 5000 5000 5000 5000 5000 5000 5000 5000 5000
"300" 1 "qualityResource" 3033 2947 3092 2953 2956 2963 3182 3135 2886 3139 3028.6 2886 3182
"301" 2 "qualityResource" 2210 2170 2293 2131 2160 2120 2362 2360 2110 2325 2224.1 2110 2362
"302" 3 "qualityResource" 1758 1743 1814 1682 1734 1678 1855 1869 1650 1832 1761.5 1650 1869
"303" 4 "qualityResource" 1424 1441 1469 1400 1446 1370 1520 1521 1387 1483 1446.1 1370 1521
"304" 5 "qualityResource" 1188 1213 1242 1193 1236 1171 1269 1293 1161 1237 1220.3 1161 1293
"305" 6 "qualityResource" 996 1018 1057 1025 1067 992 1056 1059 1028 1045 1034.3 992 1067
"306" 7 "qualityResource" 871 899 913 903 915 871 894 908 918 897 898.9 871 918
"307" 8 "qualityResource" 732 800 808 799 810 764 778 759 804 759 781.3 732 810
"308" 9 "qualityResource" 640 703 718 708 724 670 653 656 720 661 685.3 640 724
"309" 10 "qualityResource" 571 634 629 632 637 593 565 562 636 576 603.5 562 637
"310" 11 "qualityResource" 494 572 555 558 564 540 482 477 568 509 531.9 477 572
"311" 12 "qualityResource" 440 516 491 509 492 475 416 428 504 451 472.2 416 516
"312" 13 "qualityResource" 385 452 428 451 433 428 360 374 442 404 415.7 360 452
"313" 14 "qualityResource" 342 399 384 406 387 383 314 320 390 356 368.1 314 406
"314" 15 "qualityResource" 301 349 345 356 342 342 285 283 355 323 328.1 283 356
"315" 16 "qualityResource" 267 303 302 324 301 305 239 236 319 299 289.5 236 324
"316" 17 "qualityResource" 230 264 262 291 274 263 206 212 294 256 255.2 206 294
"317" 18 "qualityResource" 202 234 228 269 259 223 182 184 263 228 227.2 182 269
"318" 19 "qualityResource" 181 216 194 240 233 198 158 154 239 198 201.1 154 240
"319" 20 "qualityResource" 161 200 179 214 215 171 135 131 211 177 179.4 131 215
"320" 21 "qualityResource" 141 180 154 189 193 157 120 110 192 159 159.5 110 193
"321" 22 "qualityResource" 121 157 135 168 173 146 109 97 170 140 141.6 97 173
"322" 23 "qualityResource" 111 140 111 150 152 139 93 89 150 128 126.3 89 152
"323" 24 "qualityResource" 93 122 100 132 135 123 79 78 132 110 110.4 78 135
"324" 25 "qualityResource" 84 115 90 118 124 101 70 66 122 96 98.6 66 124
"325" 26 "qualityResource" 68 100 81 107 111 87 60 58 110 84 86.6 58 111
"326" 27 "qualityResource" 58 90 67 88 100 75 51 49 99 71 74.8 49 100
"327" 28 "qualityResource" 53 84 57 74 92 70 43 39 86 63 66.1 39 92
"328" 29 "qualityResource" 43 72 47 65 79 60 37 33 69 55 56 33 79
"329" 30 "qualityResource" 35 63 40 51 76 53 27 30 60 46 48.1 27 76
"330" 31 "qualityResource" 0 58 34 45 0 46 21 26 54 35 31.9 0 58
"331" 32 "qualityResource" 0 51 29 40 0 39 16 22 50 33 28 0 51
"332" 33 "qualityResource" 0 42 22 35 0 31 14 17 44 30 23.5 0 44
"333" 34 "qualityResource" 0 32 19 31 0 25 11 14 43 23 19.8 0 43
"334" 35 "qualityResource" 0 28 17 0 0 21 9 12 0 20 10.7 0 28
"335" 36 "qualityResource" 0 22 10 0 0 15 0 9 0 17 7.3 0 22
"336" 37 "qualityResource" 0 16 9 0 0 13 0 8 0 15 6.1 0 16
"337" 38 "qualityResource" 0 15 9 0 0 12 0 0 0 13 4.9 0 15
"338" 39 "qualityResource" 0 14 7 0 0 0 0 0 0 0 2.1 0 14
"339" 0 "resource" 5000 5000 5000 5000 5000 5000 5000 5000 5000 5000 5000 5000 5000
"340" 1 "resource" 4173 4176 4189 4182 4197 4205 4223 4201 4190 4235 4197.1 4173 4235
"341" 2 "resource" 3509 3517 3535 3533 3540 3557 3549 3557 3505 3612 3541.4 3505 3612
"342" 3 "resource" 2981 2971 2999 2988 3027 3028 2984 3019 2947 3039 2998.3 2947 3039
"343" 4 "resource" 2525 2522 2592 2504 2563 2584 2484 2536 2472 2578 2536 2472 2592
"344" 5 "resource" 2123 2131 2182 2105 2145 2196 2115 2145 2088 2187 2141.7 2088 2196
"345" 6 "resource" 1817 1811 1874 1780 1820 1840 1764 1842 1781 1875 1820.4 1764 1875
"346" 7 "resource" 1518 1555 1589 1491 1549 1587 1496 1557 1548 1572 1546.2 1491 1589
"347" 8 "resource" 1278 1335 1381 1277 1310 1338 1304 1335 1328 1311 1319.7 1277 1381
"348" 9 "resource" 1086 1126 1146 1092 1126 1154 1102 1151 1122 1084 1118.9 1084 1154
"349" 10 "resource" 951 976 978 929 949 975 926 1010 983 931 960.8 926 1010
"350" 11 "resource" 815 814 843 789 826 838 784 868 841 801 821.9 784 868
"351" 12 "resource" 710 683 729 664 698 727 666 744 718 695 703.4 664 744
"352" 13 "resource" 625 587 633 567 591 619 558 638 613 608 603.9 558 638
"353" 14 "resource" 539 504 561 481 497 536 487 534 507 515 516.1 481 561
"354" 15 "resource" 475 450 485 399 422 459 423 446 436 435 443 399 485
"355" 16 "resource" 405 383 405 344 364 395 357 390 374 368 378.5 344 405
"356" 17 "resource" 346 334 348 302 316 334 300 330 336 306 325.2 300 348
"357" 18 "resource" 304 278 295 249 262 297 266 279 295 265 279 249 304
"358" 19 "resource" 260 245 251 224 224 254 228 239 245 220 239 220 260
"359" 20 "resource" 230 198 210 192 192 212 202 207 221 191 205.5 191 230
"360" 21 "resource" 190 165 181 163 166 176 178 180 192 165 175.6 163 192
"361" 22 "resource" 166 146 160 140 151 141 163 154 166 136 152.3 136 166
"362" 23 "resource" 149 122 139 118 136 121 131 126 141 112 129.5 112 149
"363" 24 "resource" 120 103 115 99 119 103 114 100 124 90 108.7 90 124
"364" 25 "resource" 100 89 101 83 107 81 93 88 99 75 91.6 75 107
"365" 26 "resource" 86 74 89 65 95 69 84 79 81 67 78.9 65 95
"366" 27 "resource" 74 64 75 55 79 57 66 72 68 59 66.9 55 79
"367" 28 "resource" 64 57 62 47 64 51 59 54 52 49 55.9 47 64
"368" 29 "resource" 51 53 57 42 55 38 49 48 48 41 48.2 38 57
"369" 30 "resource" 35 50 44 34 50 35 38 40 40 35 40.1 34 50
"370" 31 "resource" 29 39 40 25 40 33 31 35 38 28 33.8 25 40
"371" 32 "resource" 27 33 33 17 30 26 27 23 31 23 27 17 33
"372" 33 "resource" 22 28 27 11 25 23 24 19 26 19 22.4 11 28
"373" 34 "resource" 19 23 21 6 22 18 17 16 19 15 17.6 6 23
"374" 35 "resource" 17 18 16 5 18 14 15 14 17 13 14.7 5 18
"375" 36 "resource" 13 16 10 4 17 13 13 11 14 12 12.3 4 17
"376" 37 "resource" 10 13 8 3 12 11 12 8 9 10 9.6 3 13
"377" 38 "resource" 5 11 7 3 10 9 11 6 9 10 8.1 3 11
"378" 39 "resource" 5 9 6 3 10 7 9 4 7 7 6.7 3 10
