"maternalAge" "ID" "scenario" "rep1" "rep10" "rep2" "rep3" "rep4" "rep5" "rep6" "rep7" "rep8" "rep9" "mean" "min" "max" "group"
"1" 0 "1_damage2836" "damage" -1.24162527038724 -1.24978360815593 -1.38397183635511 -1.46311081731588 -1.3711125251963 -1.40847181557073 -1.30883028151819 -1.21284081359559 -1.21232086904073 -1.27657177429266 1 0.886721254881539 1.08151892189498 "Longitudinal"
"2" 0.0294117647058824 "1_damage2836" "damage" -1.26393642439286 -1.27139482720022 -1.40318835448278 -1.45771788516577 -1.38643253933953 -1.42318978608532 -1.30618365645699 -1.23608598652788 -1.23237382590396 -1.3011468335098 0.987996024999692 0.890610834872204 1.06489484690133 "Longitudinal"
"3" 0.0588235294117647 "1_damage2836" "damage" -1.28624757040549 -1.29300604289933 -1.42240488007408 -1.45233510145415 -1.40175251192305 -1.43789118073484 -1.30355171358402 -1.25933103457626 -1.25242685187934 -1.32572191983518 0.976097670141107 0.89450613537212 1.0484525476941 "Longitudinal"
"4" 0.0882352941176471 "1_damage2836" "damage" -1.30855869544052 -1.31461725105898 -1.44162143110315 -1.44700438336113 -1.41707238482752 -1.45255408234593 -1.30096295500448 -1.2825757871132 -1.27248002402812 -1.35029706571678 0.964301210382962 0.894347413524909 1.03219224855781 "Longitudinal"
"5" 0.117647058823529 "1_damage2836" "damage" -1.33086978194679 -1.33622844788235 -1.46083804082089 -1.44182219017573 -1.43239209191253 -1.46715530731157 -1.29846534840197 -1.30582004971945 -1.29253340050601 -1.37487230045465 0.952597504240997 0.883812796141327 1.01611411297406 "Longitudinal"
"6" 0.147058823529412 "1_damage2836" "damage" -1.35318081072869 -1.35783963180856 -1.48005475796707 -1.43695180882855 -1.44771157448382 -1.48167568638107 -1.29612932984641 -1.32906363174428 -1.31258699774974 -1.39944764359326 0.940970696031218 0.873431450933252 1.01325030550553 "Longitudinal"
"7" 0.176470588235294 "1_damage2836" "damage" -1.37549176513116 -1.37945080533272 -1.49927164267762 -1.43262363277422 -1.46303079706512 -1.49610381373073 -1.29404990548484 -1.35230635918948 -1.33264078518884 -1.42402310692363 0.929398082509625 0.860977819957888 1.0149056490186 "Longitudinal"
"8" 0.205882352941176 "1_damage2836" "damage" -1.39780263561879 -1.40106197651436 -1.51848875870875 -1.42912310080458 -1.47834976144208 -1.51043855320204 -1.29234797412559 -1.37554807594624 -1.35269469584647 -1.44859870622979 0.917851070753128 0.847534856756775 1.01626194610161 "Longitudinal"
"9" 0.235294117647059 "1_damage2836" "damage" -1.42011342335402 -1.42267315975748 -1.53770616383319 -1.42676828137758 -1.49366851580569 -1.52469092165565 -1.29117109635538 -1.39878863981499 -1.37274864725242 -1.47317448162319 0.906296953832692 0.83425617508016 1.01720058797992 "Longitudinal"
"10" 0.264705882352941 "1_damage2836" "damage" -1.44242414143083 -1.44428437548355 -1.55692390094877 -1.42588108694247 -1.5089871559208 -1.5388859490607 -1.29069356903598 -1.42202792060064 -1.39280256486104 -1.4977505225056 0.894701129139249 0.821141159797584 1.01758162845779 "Longitudinal"
"11" 0.294117647058824 "1_damage2836" "damage" -1.46473481309448 -1.46589564853241 -1.57614199231389 -1.42675723275043 -1.52430581673761 -1.55306471940001 -1.29111493739701 -1.4452658054049 -1.4128564004378 -1.52232699068594 0.883029406281376 0.808189165782033 1.01724539436469 "Longitudinal"
"12" 0.323529411764706 "1_damage2836" "damage" -1.48704546733251 -1.48750700546038 -1.59536043842613 -1.42964002134626 -1.53962465531816 -1.56728619565196 -1.29265538226288 -1.46850221189482 -1.4329101404662 -1.54690413394827 0.871250167668844 0.795399519239666 1.01601687024555 "Longitudinal"
"13" 0.352941176470588 "1_damage2836" "damage" -1.50935613322409 -1.50911847124726 -1.6145792216981 -1.43470186219042 -1.55494382850114 -1.58162791681144 -1.29554625924343 -1.49173710564179 -1.45296380350776 -1.57148228326008 0.859336289033407 0.78277151585745 1.01371426588501 "Longitudinal"
"14" 0.382352941176471 "1_damage2836" "damage" -1.53166683494815 -1.53073006614986 -1.63379831371347 -1.44203546373975 -1.57026347042134 -1.59618450576809 -1.30001479702449 -1.51497051461058 -1.47301742920324 -1.59606183009004 0.847266828030493 0.770304416834717 1.01016250469109 "Longitudinal"
"15" 0.411764705882353 "1_damage2836" "damage" -1.55397758912498 -1.55234180345871 -1.65301768390611 -1.45165442454658 -1.58558367516357 -1.61106328191443 -1.30626357475027 -1.53820253386569 -1.49307106396008 -1.62064318539792 0.835028502584732 0.757997444376138 1.00521093804916 "Longitudinal"
"16" 0.441176470588235 "1_damage2836" "damage" -1.57628840525556 -1.57395368870368 -1.6722373072684 -1.4635011252775 -1.60090448834937 -1.62637705264681 -1.31444744668505 -1.56143331663292 -1.5131247486694 -1.64522672738958 0.822616908901824 0.745849778224577 0.998752795076714 "Longitudinal"
"17" 0.470588235294118 "1_damage2836" "damage" -1.59859928877525 -1.59556572047114 -1.69145716918618 -1.47745888104998 -1.61622590881772 -1.64223508653028 -1.32465230669534 -1.58466305278823 -1.53317851218106 -1.66981274929472 0.810037318729369 0.733860554347635 0.990742414186356 "Longitudinal"
"18" 0.5 "1_damage2836" "damage" -1.62091024515745 -1.61717789255895 -1.7106772665027 -1.49336545637139 -1.63154789867737 -1.65873398074856 -1.33688070495928 -1.60789194062327 -1.55323237156286 -1.69440141962774 0.797304816027952 0.722028866153015 0.981205893127628 "Longitudinal"
"19" 0.529411764705882 "1_damage2836" "damage" -1.64322128304299 -1.63879019684178 -1.72989760507286 -1.51102610633564 -1.64687039785864 -1.67595032194712 -1.35104838201601 -1.63112016038254 -1.57328633751624 -1.7189927648751 0.784443544919411 0.710353767853709 0.970241842014663 "Longitudinal"
"20" 0.558823529411765 "1_damage2836" "damage" -1.66553241474268 -1.66040262605804 -1.74911819500856 -1.53022579659911 -1.66219333855961 -1.69393659321512 -1.36699336752847 -1.65434785746615 -1.5933404216954 -1.74358667879342 0.771484966000843 0.698834279066633 0.958011267698044 "Longitudinal"
"21" 0.588235294117647 "1_damage2836" "damage" -1.68784365353901 -1.68201517580412 -1.76833904527759 -1.55074152148452 -1.67751665580453 -1.71272084100566 -1.38449608696107 -1.67757513956047 -1.61339464254486 -1.76818295516396 0.758465229192577 0.687469389539518 0.944718521799025 "Longitudinal"
"22" 0.617647058823529 "1_damage2836" "damage" -1.71015500857786 -1.70362784529741 -1.7875601592304 -1.57235611217081 -1.69284029228159 -1.7323095250044 -1.40330598368123 -1.7008020867489 -1.63344902745837 -1.79278133426935 0.745422000070485 0.673239056756203 0.930587671237609 "Longitudinal"
"23" 0.647058823529412 "1_damage2836" "damage" -1.73246647924511 -1.72524063684933 -1.80678153210333 -1.59487433533097 -1.70816419789641 -1.75269213751991 -1.4231685344834 -1.72402876895072 -1.65350361089512 -1.81738154974759 0.73239124162142 0.659165534516662 0.915839699363467 "Longitudinal"
"24" 0.676470588235294 "1_damage2836" "damage" -1.7547780513115 -1.7468535543501 -1.82600315081966 -1.61814058671792 -1.72348832621486 -1.77384590307296 -1.44384682461918 -1.74725526269226 -1.67355842972848 -1.841983363101 0.71940449255032 0.645338365233973 0.900675245761748 "Longitudinal"
"25" 0.705882352941177 "1_damage2836" "damage" -1.77708969662754 -1.76846660130054 -1.84522499573657 -1.64205564697049 -1.73881263060527 -1.79573923326615 -1.46513397765711 -1.77048166009694 -1.69361351790472 -1.8665865778182 0.706487078549654 0.631755319266402 0.885265448810701 "Longitudinal"
"26" 0.735294117647059 "1_damage2836" "damage" -1.79940137693583 -1.79007977897744 -1.86444704355599 -1.666588568895 -1.75413706233769 -1.81833343680695 -1.48685594303861 -1.79370806662705 -1.71366890225827 -1.89119103220584 0.693657476271103 0.618414077758704 0.869750703071801 "Longitudinal"
"27" 0.764705882352941 "1_damage2836" "damage" -1.82171305090158 -1.81169308519481 -1.88366927049976 -1.69177951847972 -1.76946157154118 -1.84158310548439 -1.50886725660611 -1.81693458894539 -1.73372460034994 -1.91579657715688 0.680927789604053 0.605312250540271 0.854244797878355 "Longitudinal"
"28" 0.794117647058823 "1_damage2836" "damage" -1.8440246823039 -1.83330651388768 -1.90289165499674 -1.71773065260517 -1.78478611042238 -1.8654362187795 -1.53104427103905 -1.84016131827923 -1.75378062004608 -1.94040304975424 0.668305072788806 0.592447394759147 0.83884076322547 "Longitudinal"
"29" 0.823529411764706 "1_damage2836" "damage" -1.8663362469159 -1.85492005548572 -1.92211417942042 -1.74458470999861 -1.80011063715438 -1.88983507385346 -1.55328035067252 -1.86338831625791 -1.77383695982858 -1.96501025428669 0.655793105201704 0.579817028130975 0.823615113943843 "Longitudinal"
"30" 0.852941176470588 "1_damage2836" "damage" -1.88864773607462 -1.87653369784469 -1.94133683072201 -1.77249422211776 -1.81543511871566 -1.91471864196641 -1.57548572755122 -1.88661560881668 -1.7938936088336 -1.9896179588602 0.643394211299798 0.567418633260499 0.808628768944307 "Longitudinal"
"31" 0.882352941176471 "1_damage2836" "damage" -1.91095915609979 -1.89814742741278 -1.96055960003725 -1.80158710685118 -1.83075953164691 -1.9400261177039 -1.59759192034716 -1.90984319012901 -1.81395054627656 -2.01422590970852 0.631110808012668 0.555249653058743 0.793924997106508 "Longitudinal"
"32" 0.911764705882353 "1_damage2836" "damage" -1.93327052410813 -1.91976123033146 -1.97978248148231 -1.83193590667374 -1.84608386079291 -1.96570065484246 -1.61955801197493 -1.93307103428187 -1.83400774081342 -2.0388338588377 0.618946503135396 0.543307480496292 0.779526428788566 "Longitudinal"
"33" 0.941176470588235 "1_damage2836" "damage" -1.95558186186474 -1.94137509327373 -1.99900547042147 -1.86353747399363 -1.86140809705443 -1.99169194537128 -1.64137476282071 -1.95629910937877 -1.85406515097863 -2.0634415961032 0.606906706127604 0.531589447700625 0.765433801757066 "Longitudinal"
"34" 0.970588235294118 "1_damage2836" "damage" -1.97789318973623 -1.96298900395458 -2.01822856153029 -1.89630751281683 -1.87673223554063 -2.01795658778291 -1.6630630663491 -1.97952738819255 -1.87412272775635 -2.08804897569933 0.594998804901466 0.520092819243768 0.751628473102925 "Longitudinal"
"35" 1 "1_damage2836" "damage" -2.00020452246682 -1.98460295136032 -2.03745174701781 -1.93009073143721 -1.89205627513819 -2.0444560288804 -1.68466542821012 -2.00275585153777 -1.8941804195527 -2.11265592945866 0.583231993713606 0.508814792646001 0.738079135100375 "Longitudinal"
"36" 0 "1_damage2836" "damageQuality" -1.62181932877426 -1.57041367117455 -1.73582931475368 -1.6323033342227 -1.69749638419308 -1.84950253853301 -1.67128254698712 -1.66078553334428 -1.48011976313849 -2.11618075377033 1 0.69827696834318 1.2039633726825 "Longitudinal"
"37" 0.0357142857142857 "1_damage2836" "damageQuality" -1.77708384161724 -1.74474933371734 -1.82469807102354 -1.82595461051826 -1.74847587880022 -1.89114670788787 -1.82141457883747 -1.88551212969765 -1.65620723720478 -2.01337224169343 0.906307266233086 0.76497863635926 1.04073166815341 "Longitudinal"
"38" 0.0714285714285714 "1_damage2836" "damageQuality" -1.95853090525121 -1.94457986443372 -1.93795025393048 -2.04660786419349 -1.82542489714301 -1.95738149291754 -1.98649378296942 -2.13311398826113 -1.86177846481833 -1.96118536886768 0.800822104672484 0.687794288217929 0.901201109707199 "Longitudinal"
"39" 0.107142857142857 "1_damage2836" "damageQuality" -2.19010614915178 -2.19272869013195 -2.09965045972821 -2.31727318990804 -1.95525784864405 -2.07381061125328 -2.18114819677722 -2.42201095134992 -2.12318029721004 -2.01056314946174 0.673501145682239 0.529285906706568 0.805077027218124 "Longitudinal"
"40" 0.142857142857143 "1_damage2836" "damageQuality" -2.47989102974271 -2.49575197604611 -2.32197854914392 -2.64184785113863 -2.15432318274725 -2.2562235240668 -2.41244280326257 -2.75267061071851 -2.44790619562342 -2.18956583079938 0.532577051388602 0.38919697274956 0.674860423834816 "Longitudinal"
"41" 0.178571428571429 "1_damage2836" "damageQuality" -2.81197113269393 -2.83607919069861 -2.59733200021878 -2.99719889440675 -2.41970193607087 -2.50232639442917 -2.674806210383 -3.10107440525101 -2.81563582495112 -2.48735191552128 0.399689520949797 0.279631152633598 0.530409505949548 "Longitudinal"
"42" 0.214285714285714 "1_damage2836" "damageQuality" -3.14936589823497 -3.17536072918813 -2.89911543101129 -3.33837770677659 -2.72854375931777 -2.79097447912691 -2.95023050040049 -3.42426169263915 -3.18235003380171 -2.85563239391153 0.293783875886362 0.204843803747701 0.398118556261911 "Longitudinal"
"43" 0.25 "1_damage2836" "damageQuality" -3.44587033320779 -3.46677776440284 -3.18983195491396 -3.6139900350693 -3.04446527837854 -3.08803254177401 -3.21303293222422 -3.6750718759925 -3.49481876927542 -3.22470771548233 0.221024431127155 0.160526649298636 0.295177128817808 "Longitudinal"
"44" 0.285714285714286 "1_damage2836" "damageQuality" -3.6617511872506 -3.67109284762334 -3.43293060363376 -3.78510499994748 -3.32815837867697 -3.35624946886364 -3.43719901002615 -3.81980470716857 -3.7092614645964 -3.52683341397758 0.177334141897694 0.139360452859444 0.224791658703946 "Longitudinal"
"45" 0.321428571428571 "1_damage2836" "damageQuality" -3.77712030824489 -3.77010263880492 -3.6038980339672 -3.83991150769483 -3.54836299439872 -3.56559195925662 -3.60368068212687 -3.85147654299005 -3.80671391382865 -3.71777771133404 0.155381035061738 0.135106211523838 0.181605171605873 "Longitudinal"
"46" 0.357142857142857 "1_damage2836" "damageQuality" -3.79797933901968 -3.77240643683986 -3.69670682458215 -3.79820533748383 -3.68962126184601 -3.7006880000528 -3.70524916784145 -3.79320392464194 -3.79919241939421 -3.78881869903208 0.148592456951095 0.142199242640191 0.158264505214403 "Longitudinal"
"47" 0.392857142857143 "1_damage2836" "damageQuality" -3.75293443067455 -3.70953843100813 -3.7236917631804 -3.70398371278124 -3.7546267837474 -3.76328614303012 -3.7475039460141 -3.69027912660982 -3.72451939785342 -3.76551722431644 0.151615817244588 0.146959152193478 0.158162957943815 "Longitudinal"
"48" 0.428571428571429 "1_damage2836" "damageQuality" -3.68222013143858 -3.62427715449194 -3.70944711629872 -3.60922877659839 -3.76097949846064 -3.76946433480771 -3.74603626200287 -3.59407397666751 -3.63215153380517 -3.69477101567521 0.159404351012665 0.146393282909599 0.173707763223545 "Longitudinal"
"49" 0.464285714285714 "1_damage2836" "damageQuality" -3.62351794251616 -3.55585749669697 -3.6814575597321 -3.55542284213862 -3.73402703449076 -3.74306374199126 -3.72102741014846 -3.54415242931442 -3.5657525721837 -3.62590744771186 0.166918130369862 0.150219022707407 0.182349925829489 "Longitudinal"
"50" 0.5 "1_damage2836" "damageQuality" -3.60002848546115 -3.52775796050248 -3.66112381476949 -3.5600739018172 -3.69858028079526 -3.70789106793543 -3.69128854248557 -3.55558135131775 -3.54926514179132 -3.59334053371953 0.170288842779941 0.155467895100395 0.185278094024701 "Longitudinal"
"51" 0.535714285714286 "1_damage2836" "damageQuality" -3.61505567553273 -3.54242294406259 -3.65834096773213 -3.61329684446789 -3.67231694859107 -3.68132148412675 -3.66970927977513 -3.616193583103 -3.58153916266413 -3.60707405142993 0.16843586976513 0.1595511222184 0.182656691456679 "Longitudinal"
"52" 0.571428571428571 "1_damage2836" "damageQuality" -3.65456217309436 -3.58432414821689 -3.67113023637117 -3.68527682210544 -3.66273120062362 -3.67111214450058 -3.6613608821392 -3.69444293641964 -3.6409480746644 -3.65375497657594 0.163226861731268 0.157521708911312 0.175363705886151 "Longitudinal"
"53" 0.607142857142857 "1_damage2836" "damageQuality" -3.69594915877277 -3.62942019128827 -3.68974253014246 -3.74101780204378 -3.66799800400451 -3.67589273949928 -3.66442321625208 -3.75422210334115 -3.69740218364527 -3.70663066620235 0.157856057474667 0.148590284562043 0.167831014719019 "Longitudinal"
"54" 0.642857142857143 "1_damage2836" "damageQuality" -3.71900358120434 -3.65669894629882 -3.70299309690355 -3.75597829547913 -3.68069912973556 -3.68847440675752 -3.67310232739391 -3.77034838818087 -3.7263913773327 -3.7394175761208 0.15494982265464 0.146266834505321 0.163428340202426 "Longitudinal"
"55" 0.678571428571429 "1_damage2836" "damageQuality" -3.71442375026302 -3.65699137147974 -3.70397347318076 -3.72612856968736 -3.69251834921377 -3.70028728731959 -3.68113751264079 -3.73841675114606 -3.71922952695102 -3.73801732445507 0.155586099688662 0.150902453589241 0.163381758893242 "Longitudinal"
"56" 0.714285714285714 "1_damage2836" "damageQuality" -3.68669531593657 -3.63573054885332 -3.69287917041436 -3.6685755582226 -3.69799610440598 -3.70515936761465 -3.68452332450006 -3.67530558662087 -3.68561161119473 -3.70548889077089 0.159166378917976 0.155832832300972 0.166802394776706 "Longitudinal"
"57" 0.75 "1_damage2836" "damageQuality" -3.65067838832506 -3.60907968007293 -3.67614816642018 -3.61302156564448 -3.69613748541828 -3.70122090918507 -3.68260870661124 -3.61065148207414 -3.64802241739344 -3.65891942922856 0.163755274152918 0.156483283456163 0.171188820377716 "Longitudinal"
"58" 0.785714285714286 "1_damage2836" "damageQuality" -3.62394294021249 -3.59566287058532 -3.66275522374527 -3.58817690655354 -3.6897227934369 -3.69064902259365 -3.67750994115706 -3.57336233913318 -3.63096311672901 -3.62036966067812 0.16687051416865 0.158105889117915 0.177243825241195 "Longitudinal"
"59" 0.821428571428571 "1_damage2836" "damageQuality" -3.61853349778298 -3.60782870919312 -3.65964633938077 -3.60921862341932 -3.68311373170678 -3.67784629176934 -3.67245131849908 -3.57914970915354 -3.6499603700198 -3.60640709584814 0.166691103115142 0.159272430777367 0.176248773550174 "Longitudinal"
"60" 0.857142857142857 "1_damage2836" "damageQuality" -3.63582245288059 -3.64630576379411 -3.66848487994501 -3.67169805455308 -3.67981761197172 -3.66714005578671 -3.66997022769463 -3.62438072809617 -3.70511984034755 -3.62097700846649 0.163066652453823 0.155888972198888 0.169216958605461 "Longitudinal"
"61" 0.892857142857143 "1_damage2836" "damageQuality" -3.66652423028593 -3.70039298001799 -3.68510761190395 -3.75431922882065 -3.68094162924756 -3.66105868202616 -3.67080867513472 -3.68864096338679 -3.78176848520574 -3.65453415121776 0.157526823022588 0.144642950731761 0.163773579715034 "Longitudinal"
"62" 0.928571428571429 "1_damage2836" "damageQuality" -3.69555088854994 -3.75328179056599 -3.70175795126033 -3.82907589197211 -3.68507787978624 -3.65978282305547 -3.67386856900425 -3.74456182880062 -3.85753083960132 -3.68938280964245 0.152298605481432 0.134307576813771 0.162937750517661 "Longitudinal"
"63" 0.964285714285714 "1_damage2836" "damageQuality" -3.70926492651964 -3.78986607428181 -3.71089473748246 -3.8740633119746 -3.68942392354688 -3.6617425982644 -3.67706718328078 -3.77036517512767 -3.91241599410403 -3.70840834580545 0.149153336757563 0.127275316666218 0.16262673122192 "Longitudinal"
"64" 1 "1_damage2836" "damageQuality" -3.7017382307078 -3.80341924800488 -3.70872467612383 -3.88322396782685 -3.69140447406002 -3.66483099625135 -3.6785401081667 -3.75952636174007 -3.93733033169749 -3.70302806350689 0.148742150410908 0.124203414595871 0.162137771463498 "Longitudinal"
"65" 0 "1_damage2836" "damageQualityResource" -2.56376012084246 -2.67060300430218 -2.59756454345076 -2.71985632495718 -2.69625708753269 -2.55224485821416 -2.55968048755777 -2.40972322724669 -2.74462531015522 -2.58109918715189 1 0.881273452001655 1.20294784628008 "Longitudinal"
"66" 0.0714285714285714 "1_damage2836" "damageQualityResource" -2.56384561197962 -2.65549502725514 -2.58858280302353 -2.61533028386089 -2.61331416221217 -2.57114828121896 -2.60474994280872 -2.58272459686338 -2.64424899961236 -2.67193716722705 0.998514138790805 0.943421597242405 1.04341280797121 "Longitudinal"
"67" 0.142857142857143 "1_damage2836" "damageQualityResource" -2.60814905369338 -2.67252194122696 -2.64961484010295 -2.60474010674225 -2.62410703752105 -2.65984263984233 -2.69023941708634 -2.76311436887687 -2.64816983827788 -2.78589388232171 0.944567509973902 0.847714496380393 1.00448156532398 "Longitudinal"
"68" 0.214285714285714 "1_damage2836" "damageQualityResource" -2.74467251216231 -2.77210382796395 -2.82383171459963 -2.74785659983946 -2.78760080884449 -2.86056248133292 -2.8516718291046 -2.95577338930269 -2.81619264613787 -2.95402120781041 0.812079533725549 0.721824204578526 0.881234367070575 "Longitudinal"
"69" 0.285714285714286 "1_damage2836" "damageQualityResource" -2.99143592332026 -2.98505764610161 -3.09224602332286 -3.02330983254915 -3.07986285818202 -3.1505865624938 -3.09227052375185 -3.15799352402701 -3.11277729904474 -3.18628099830838 0.636817169747357 0.579119836022758 0.701994740057481 "Longitudinal"
"70" 0.357142857142857 "1_damage2836" "damageQualityResource" -3.30210442938325 -3.27058303922835 -3.38053832726257 -3.33706597269054 -3.40209058059333 -3.44827829627796 -3.36546011237702 -3.35739977037372 -3.42638259226182 -3.43885769702477 0.483810114053787 0.449754174039394 0.534013412345372 "Longitudinal"
"71" 0.428571428571429 "1_damage2836" "damageQualityResource" -3.57588894731452 -3.52503088156704 -3.60416597146289 -3.58183686507513 -3.64191862831344 -3.66157858518229 -3.59211402837877 -3.53462649034619 -3.64513175660271 -3.63059279566063 0.38839393105861 0.365526438452671 0.417476475444602 "Longitudinal"
"72" 0.5 "1_damage2836" "damageQualityResource" -3.72134076042701 -3.66248665812374 -3.7163543501455 -3.69992950162525 -3.74038278470906 -3.7427923623313 -3.70953091875382 -3.66956676959201 -3.72566098924107 -3.7088574365502 0.348767051474432 0.337673889415625 0.365202967492882 "Longitudinal"
"73" 0.571428571428571 "1_damage2836" "damageQualityResource" -3.7254036789979 -3.68553994666665 -3.72740156397262 -3.70692883777363 -3.7191132278878 -3.7129634219643 -3.71579116331475 -3.74865659393805 -3.70634336773518 -3.69725187857155 0.347120065332535 0.335744912530104 0.357083799156142 "Longitudinal"
"74" 0.642857142857143 "1_damage2836" "damageQualityResource" -3.66099881400222 -3.66693051225661 -3.68729699004578 -3.66601804139641 -3.65377269830338 -3.64190952536431 -3.66855813707559 -3.77024268953669 -3.6635620273294 -3.66827890136471 0.360859377055599 0.328736668004737 0.372601781655519 "Longitudinal"
"75" 0.714285714285714 "1_damage2836" "damageQualityResource" -3.62085396547222 -3.66664353760341 -3.64902427405161 -3.63800695875515 -3.61757463752319 -3.60032360625477 -3.63616678856728 -3.74583141802234 -3.65196700714273 -3.67056500260322 0.369785127317374 0.336672877323797 0.3880027920431 "Longitudinal"
"76" 0.785714285714286 "1_damage2836" "damageQualityResource" -3.63986829054332 -3.68266532173423 -3.63946113156147 -3.64506458584198 -3.63641798873912 -3.61758786574784 -3.6451024962835 -3.69664312102723 -3.67508538040967 -3.69348297694558 0.367112304550138 0.353236405941285 0.381535336932552 "Longitudinal"
"77" 0.857142857142857 "1_damage2836" "damageQualityResource" -3.68055119712326 -3.68312554743936 -3.65431056046642 -3.67010425253671 -3.6841434082465 -3.67223575654709 -3.67165699235378 -3.64674811847792 -3.70157345538119 -3.70240470787557 0.360181267322933 0.351255902878591 0.370848973732777 "Longitudinal"
"78" 0.928571428571429 "1_damage2836" "damageQualityResource" -3.68936863290548 -3.66340046297437 -3.67379519055417 -3.68421658162472 -3.71473702252104 -3.71748768557424 -3.68022808087502 -3.61538968808191 -3.70413479755844 -3.69060813052318 0.357852121370877 0.346122390804827 0.382352942984678 "Longitudinal"
"79" 1 "1_damage2836" "damageQualityResource" -3.65846056797466 -3.65094230974156 -3.68266674673647 -3.67532999007752 -3.70252024718723 -3.72011280292787 -3.66423440148134 -3.61137555414704 -3.68442467689257 -3.68199523691239 0.36140548416875 0.345236438198983 0.383850390475914 "Longitudinal"
"80" 0 "1_damage2836" "damageResource" -2.44177612301814 -2.52369276979828 -2.60154973457859 -2.53475478004795 -2.52379273899385 -2.50405278763738 -2.54466244068755 -2.52855513705534 -2.58582399181366 -2.5014389418002 1 0.934859468274964 1.08385581085456 "Longitudinal"
"81" 0.0714285714285714 "1_damage2836" "damageResource" -2.46852102441408 -2.52805032806888 -2.59351552533669 -2.5397091514183 -2.53023670133635 -2.52851833100478 -2.55036811212011 -2.54036901146999 -2.58239258747514 -2.51343722523334 0.992154473258318 0.941876041386366 1.05748617034663 "Longitudinal"
"82" 0.142857142857143 "1_damage2836" "damageResource" -2.49526577329559 -2.53240786005112 -2.5854813289876 -2.54466372887974 -2.53675996345496 -2.55191404587476 -2.55607488635403 -2.55218295992313 -2.57896127885927 -2.52543134240255 0.984456348009143 0.948941301677035 1.03170510083513 "Longitudinal"
"83" 0.214285714285714 "1_damage2836" "damageResource" -2.52201031036586 -2.53676531624926 -2.57744717759994 -2.54961880305438 -2.54342574571685 -2.57316700577229 -2.56178428013951 -2.56399708081339 -2.57553016396724 -2.5374148505241 0.976995277726408 0.956055498762233 1.0065020843707 "Longitudinal"
"84" 0.285714285714286 "1_damage2836" "damageResource" -2.54875470873711 -2.54112262550405 -2.569413118387 -2.55457464273205 -2.55022908128773 -2.59143347357517 -2.5674978872731 -2.57581145256271 -2.57209935291522 -2.54938042411528 0.969844003176513 0.943702308579534 0.988839577079501 "Longitudinal"
"85" 0.357142857142857 "1_damage2836" "damageResource" -2.57549909248379 -2.54547971456955 -2.56137918794769 -2.55953131999054 -2.55705898445751 -2.60601561653028 -2.5732168123609 -2.58762607023479 -2.56866902432688 -2.56132280828888 0.963069692402506 0.930980203658224 0.984853163535946 "Longitudinal"
"86" 0.428571428571429 "1_damage2836" "damageResource" -2.60224355210379 -2.5498365359372 -2.55334538074349 -2.56448862432167 -2.56369406898462 -2.61615300607274 -2.57894123409389 -2.59944082246461 -2.56523946377532 -2.57324082072788 0.956753094777431 0.922229688365862 0.980881808562856 "Longitudinal"
"87" 0.5 "1_damage2836" "damageResource" -2.62898814427437 -2.55419308986192 -2.5453116339579 -2.56944615928943 -2.56983163136456 -2.62109262461266 -2.58467033140141 -2.61125553277906 -2.56181101052253 -2.58513684458058 0.950979668644316 0.911259871323452 0.985006669817415 "Longitudinal"
"88" 0.571428571428571 "1_damage2836" "damageResource" -2.65573292267373 -2.55854942732472 -2.53727784165846 -2.5744035642078 -2.5751426860999 -2.62049567038276 -2.59040263401568 -2.62307003481665 -2.55838392352988 -2.59701436751447 0.945799357398631 0.888789901788294 0.992369609729619 "Longitudinal"
"89" 0.642857142857143 "1_damage2836" "damageResource" -2.6824779201192 -2.56290563049018 -2.52924389185117 -2.57936068814926 -2.57933853002282 -2.61484457632221 -2.59613659655339 -2.63488422942225 -2.55495825824329 -2.60887572097483 0.941186508973717 0.866835794187187 0.999783351144885 "Longitudinal"
"90" 0.714285714285714 "1_damage2836" "damageResource" -2.70922310222082 -2.56726178011101 -2.52120970555821 -2.58431758817426 -2.58223064593844 -2.60545268659692 -2.6018710569904 -2.64669809927373 -2.55153384316964 -2.6207216278974 0.937035620983899 0.845387597072192 1.00724825353714 "Longitudinal"
"91" 0.785714285714286 "1_damage2836" "damageResource" -2.73596837075663 -2.57161792698449 -2.51317525780427 -2.58927438421801 -2.58376699363677 -2.59399983281636 -2.60760534458762 -2.65851169143609 -2.54811036649805 -2.63255227812289 0.933199823240561 0.824435507058927 1.01476462833037 "Longitudinal"
"92" 0.857142857142857 "1_damage2836" "damageResource" -2.76271362579242 -2.57597408192597 -2.50514057418121 -2.59423111755349 -2.58403429802752 -2.58190397121852 -2.6133390676676 -2.67032508554156 -2.54468750676478 -2.64436849941406 0.929545376980993 0.803969820143746 1.02233274042225 "Longitudinal"
"93" 0.928571428571429 "1_damage2836" "damageResource" -2.78945881342028 -2.58033022739591 -2.49710571182539 -2.59918772391288 -2.58322616426584 -2.56994119336141 -2.61907182807221 -2.68213835793975 -2.54126503205134 -2.65617208803945 0.925986663971596 0.783980900236623 1.02995282464517 "Longitudinal"
"94" 1 "1_damage2836" "damageResource" -2.81620391478196 -2.58468634111621 -2.48907073937206 -2.60414410339857 -2.58158743532433 -2.55828755946368 -2.62480311594439 -2.69395155414972 -2.53784283877992 -2.6679654869709 0.922486427863411 0.76445919468681 1.037625103922 "Longitudinal"
"95" 0 "1_damage2836" "null" -1.15130168761694 -1.14989595274542 -1.10356505187662 -1.1114068281408 -1.13578567999422 -1.14440730907364 -1.03707854673029 -1.07694260093708 -1.11893731942373 -1.13429208335815 1 0.973912501696583 1.06091624312372 "Longitudinal"
"96" 0.0833333333333333 "1_damage2836" "null" -1.14644119528232 -1.14863273101283 -1.11842452258864 -1.11299516000612 -1.13769561555164 -1.14847537880014 -1.0578899170473 -1.07977199255359 -1.12232082834114 -1.13213452064935 0.996901935226204 0.975888708014115 1.04469655891901 "Longitudinal"
"97" 0.166666666666667 "1_damage2836" "null" -1.14158086292875 -1.14737013357929 -1.13324910745379 -1.11452334945923 -1.13960551411771 -1.15254348650089 -1.07797723729461 -1.08260135334216 -1.12489809467155 -1.12997743869053 0.993932183595143 0.97299395551878 1.02919551281496 "Longitudinal"
"98" 0.25 "1_damage2836" "null" -1.13672072189449 -1.14610873533777 -1.14855992404163 -1.11592908183491 -1.14151537425318 -1.15661167065693 -1.09495014808015 -1.08543051821062 -1.12617789033761 -1.12782141922777 0.991271358981104 0.969988913956949 1.02348268807512 "Longitudinal"
"99" 0.333333333333333 "1_damage2836" "null" -1.13186068122285 -1.1448487838681 -1.16357844904124 -1.11715016914373 -1.14342521827957 -1.16068001859899 -1.10676711370403 -1.08825925551496 -1.12609297442081 -1.12566693988344 0.989138319385456 0.964857562893641 1.02132001020291 "Longitudinal"
"100" 0.416666666666667 "1_damage2836" "null" -1.12700063025054 -1.14359013334589 -1.17437856609859 -1.11808013616308 -1.14533506111115 -1.1647486088953 -1.11312785644245 -1.09108740374219 -1.12471701670541 -1.12351391594274 0.987848986978855 0.956939749108118 1.01916081463639 "Longitudinal"
"101" 0.5 "1_damage2836" "null" -1.12214046894965 -1.14233248403482 -1.17604352425973 -1.11855042758741 -1.14724490583689 -1.16881742455863 -1.11398875236255 -1.09391489293566 -1.1219815568412 -1.12136159484573 0.987789464825013 0.955723132518269 1.01700515502294 "Longitudinal"
"102" 0.583333333333333 "1_damage2836" "null" -1.11728010739084 -1.1410756829879 -1.16733923697366 -1.11842733803965 -1.14915475072617 -1.17288641887129 -1.10939160716447 -1.09674168930027 -1.11759043243476 -1.11920934873606 0.989080965021747 0.958030998420221 1.01485305716557 "Longitudinal"
"103" 0.666666666666667 "1_damage2836" "null" -1.11241948844086 -1.13981978576086 -1.1518792952491 -1.11772134648106 -1.15106459575219 -1.17695555692346 -1.10100322895535 -1.09956775684163 -1.11122905573897 -1.11705738289209 0.991354335683293 0.955057146490867 1.01270454835991 "Longitudinal"
"104" 0.75 "1_damage2836" "null" -1.10755856455571 -1.13856487026994 -1.13389813882059 -1.11655509474888 -1.15297444569658 -1.18102476724141 -1.09142040692383 -1.10239305499004 -1.1029442502345 -1.11490622681898 0.994088746735731 0.952089634047111 1.01890677756477 "Longitudinal"
"105" 0.833333333333333 "1_damage2836" "null" -1.10269727406464 -1.13731085709126 -1.11397580954742 -1.11505330463715 -1.15488429948541 -1.1850940053129 -1.08229900409134 -1.10521758782868 -1.09320275909092 -1.11275585932989 0.997074176785424 0.949128497686892 1.02588038484787 "Longitudinal"
"106" 0.916666666666667 "1_damage2836" "null" -1.09783562673953 -1.13605747557486 -1.08972833584293 -1.11331344249487 -1.15679414597535 -1.18916330833226 -1.07441690373038 -1.10804146715877 -1.08254098812339 -1.11060578587584 1.00038541330846 0.946173714341829 1.03193186674642 "Longitudinal"
"107" 1 "1_damage2836" "null" -1.09297377231987 -1.13480433556204 -1.05960600932082 -1.11144022642993 -1.15870397992454 -1.19323268517287 -1.06805029856229 -1.11086488872881 -1.07134193961915 -1.10845564170171 1.00408397422688 0.943225281553265 1.04336634321742 "Longitudinal"
"108" 0 "1_damage2836" "nullDamage" -2.03894274812959 -1.94676343325136 -1.98803378073017 -2.08799343637709 -2.03515777111359 -2.12589933595724 -1.99485318894708 -1.99611174338606 -2.03628717963392 -2.0593464337619 1 0.919066372478804 1.07685048239987 "Longitudinal"
"109" 0.111111111111111 "1_damage2836" "nullDamage" -2.05107293026945 -1.97917901017225 -2.01030838017159 -2.08718198461975 -2.03089566456806 -2.12491861171263 -2.00581038334043 -2.04548558069179 -2.03476965654376 -2.06478535712399 0.989001217798057 0.919871945479928 1.04667339871972 "Longitudinal"
"110" 0.222222222222222 "1_damage2836" "nullDamage" -2.06320277518616 -2.01095541801973 -2.03258047899516 -2.08637072403403 -2.02663381115541 -2.12393795796536 -2.01676897071891 -2.09163182418514 -2.03419129933625 -2.07022470157322 0.97836181916501 0.920678082198786 1.01780156356554 "Longitudinal"
"111" 0.333333333333333 "1_damage2836" "nullDamage" -2.0753320757536 -2.03758804060548 -2.0548484892247 -2.08555936769611 -2.02237265404024 -2.12295703655883 -2.02772844457784 -2.12666637784181 -2.03409067866371 -2.07566495163049 0.969178990561203 0.918436752549304 1.00759757502769 "Longitudinal"
"112" 0.444444444444444 "1_damage2836" "nullDamage" -2.08746037650176 -2.05628053762507 -2.07711293689308 -2.08474752513297 -2.01811227058392 -2.12197548041681 -2.03868704194948 -2.14470940293784 -2.03276924414205 -2.08110615867336 0.962305421725165 0.903735523228418 1.0113948088419 "Longitudinal"
"113" 0.555555555555556 "1_damage2836" "nullDamage" -2.09958758678275 -2.06751808697337 -2.09937551822202 -2.08393510735272 -2.01385242898711 -2.1209931143948 -2.04964356043401 -2.14592679580161 -2.02766231893157 -2.0865477852912 0.957862025450845 0.90275112614678 1.01520395946371 "Longitudinal"
"114" 0.666666666666667 "1_damage2836" "nullDamage" -2.11171418346242 -2.06833511835712 -2.12163803641446 -2.08312223311909 -2.00959285412262 -2.12001007812579 -2.06059765547965 -2.13013874173107 -2.01766255332285 -2.09198942585867 0.956180995726398 0.915591242296223 1.01902529548513 "Longitudinal"
"115" 0.777777777777778 "1_damage2836" "nullDamage" -2.12384037261171 -2.05342850882611 -2.14390197429111 -2.08230922728964 -2.00533323816677 -2.11902679009165 -2.07154963964938 -2.09936353691285 -2.00395599133121 -2.0974308270905 0.957428064737493 0.904388941424826 1.02410136241398 "Longitudinal"
"116" 0.888888888888889 "1_damage2836" "nullDamage" -2.13596623216639 -2.01957331433688 -2.16616768795136 -2.08149644148019 -2.00107349722304 -2.11804356059537 -2.08250017511617 -2.06116521413679 -1.98740922491262 -2.10287147302319 0.961168502509745 0.886522394893487 1.03912844055233 "Longitudinal"
"117" 1 "1_damage2836" "nullDamage" -2.14809206762486 -1.96402343955684 -2.18843465730349 -2.08068382966409 -1.99681365595766 -2.11706059230039 -2.09344930297368 -2.01790492906368 -1.96867179761874 -2.10831125283096 0.967405126097395 0.868968081879922 1.06069062985136 "Longitudinal"
"118" 0 "1_damage2836" "nullDamageQuality" -2.15740541282873 -2.01249309415518 -2.06839732568092 -2.00483942248686 -1.93439496453739 -2.09678737489776 -2.14010111291731 -2.13418979108001 -2.05648798774 -2.02151306692756 1 0.918973961471519 1.119575324811 "Longitudinal"
"119" 0.1 "1_damage2836" "nullDamageQuality" -2.18108308659741 -2.06052132384976 -2.07480511207304 -1.99406369589357 -2.00247598798559 -2.01858539454596 -2.12749691742636 -2.15066772162569 -2.12312429248063 -2.09105089995209 0.982631484287209 0.899652177526583 1.0624964517659 "Longitudinal"
"120" 0.2 "1_damage2836" "nullDamageQuality" -2.20440812748964 -2.08459917351787 -2.06819073901887 -2.00079524797315 -2.10128666573314 -2.01707935939602 -2.14270237664368 -2.19705509888636 -2.04952012762996 -2.11177006226455 0.969296735740117 0.880971380294361 1.05621733150966 "Longitudinal"
"121" 0.3 "1_damage2836" "nullDamageQuality" -2.21053033764943 -2.08463775498817 -2.09486428665933 -2.02161928008292 -2.16796451527934 -2.04633361386298 -2.18639615973407 -2.23632447397054 -2.03070227734906 -2.0586430885032 0.955517547646817 0.855969430094049 1.03699577468857 "Longitudinal"
"122" 0.4 "1_damage2836" "nullDamageQuality" -2.17649301829676 -2.06142723286009 -2.14563656448673 -2.06907341754901 -2.19892832239668 -2.02953316067268 -2.23008443198447 -2.22122743627127 -2.12192983689137 -1.99609357920678 0.945976117107865 0.860807255107005 1.06059960985173 "Longitudinal"
"123" 0.5 "1_damage2836" "nullDamageQuality" -2.13683369895411 -2.07123773654242 -2.20849319226113 -2.10822315695614 -2.22196748213841 -2.04982906196486 -2.22369157805576 -2.18986536586833 -2.1804818704841 -2.06069129244283 0.929133701117568 0.86578884524501 1.011441414226 "Longitudinal"
"124" 0.6 "1_damage2836" "nullDamageQuality" -2.16526756832662 -2.15818032246898 -2.26741034823056 -2.1282435984077 -2.24373978554419 -2.1655121786783 -2.19859472249929 -2.20816355017564 -2.21422486186981 -2.19545441127298 0.888880860790335 0.832229208603807 0.943274591086088 "Longitudinal"
"125" 0.7 "1_damage2836" "nullDamageQuality" -2.30108041634379 -2.29123913579258 -2.29438795087727 -2.20376099602173 -2.31178077975723 -2.29974205156416 -2.26099204928454 -2.28533285653941 -2.27121119528001 -2.22142663038606 0.827201557613633 0.799366286788266 0.881484974834163 "Longitudinal"
"126" 0.8 "1_damage2836" "nullDamageQuality" -2.56611939828062 -2.50330421519025 -2.39064573882487 -2.39850113801921 -2.48808967439266 -2.48966138127721 -2.45649208951209 -2.46463777518718 -2.41179421455407 -2.20459199539212 0.712595832683716 0.632660475291286 0.880825502492852 "Longitudinal"
"127" 0.9 "1_damage2836" "nullDamageQuality" -2.9697571894613 -2.85542464176643 -2.65809194668459 -2.78206495416757 -2.83255792589497 -2.88101257002831 -2.85764575845389 -2.83030257739992 -2.78510282271467 -2.34366930123251 0.518167765419594 0.432801010991608 0.776474824960175 "Longitudinal"
"128" 1 "1_damage2836" "nullDamageQuality" -3.46357134564696 -3.2947391368853 -3.06550962727914 -3.33334999547119 -3.31622011412773 -3.46994229554512 -3.50100864239915 -3.31594152696163 -3.35410249045552 -2.7801675091771 0.318628617582609 0.259653548375144 0.517872896881184 "Longitudinal"
"129" 0 "1_damage2836" "nullDamageQualityResource" -2.71558422676045 -2.68398693554538 -2.76862137609272 -2.81176241442345 -2.72175038512261 -2.78977879581274 -2.71748139420112 -2.76992941977244 -2.84999211804926 -2.53036117278982 1 0.898092718100294 1.21138455021038 "Longitudinal"
"130" 0.142857142857143 "1_damage2836" "nullDamageQualityResource" -2.63869515453256 -2.6991905155664 -2.64537608430141 -2.60227651962453 -2.69010512924369 -2.70860589658535 -2.69392193945619 -2.73335563749683 -2.68530199322717 -2.69900538511566 1.05423849566854 1.00241548131948 1.13312553784998 "Longitudinal"
"131" 0.285714285714286 "1_damage2836" "nullDamageQualityResource" -2.60847335688746 -2.66925932346911 -2.6811181306086 -2.66510620970429 -2.6342140350611 -2.69417971641668 -2.72832030170831 -2.73352332538031 -2.70774226447126 -2.59620436535211 1.06192946404991 1.00225765931871 1.13954813937324 "Longitudinal"
"132" 0.428571428571429 "1_damage2836" "nullDamageQualityResource" -2.82482392237098 -2.61954601358852 -2.82550437272011 -2.76946472997575 -2.66480122350082 -2.73712971630317 -2.71972616682963 -2.74420335437788 -2.76527097674819 -2.61687294097736 1.00677403822688 0.919110554731067 1.11782359828734 "Longitudinal"
"133" 0.571428571428571 "1_damage2836" "nullDamageQualityResource" -2.61705531761191 -2.68898910295621 -2.79728595739134 -2.71425974194037 -2.65105403783383 -2.72455247216886 -2.73354978899719 -2.74254196036501 -2.70680026595726 -2.7306571962752 1.02397742195129 0.943904009698841 1.11763362346819 "Longitudinal"
"134" 0.714285714285714 "1_damage2836" "nullDamageQualityResource" -2.6754813990235 -2.58519434582764 -2.82083419788864 -2.77072057336854 -2.65091098735273 -2.77862845882849 -2.81344737237843 -2.77966098045982 -2.63114410364136 -2.73516056396792 1.01114531991605 0.923171165752429 1.15127957663715 "Longitudinal"
"135" 0.857142857142857 "1_damage2836" "nullDamageQualityResource" -2.98994043941237 -2.79163888356829 -2.8516857326474 -2.98721310412371 -2.82097390393766 -2.96635918044092 -2.96407190741704 -3.00928103515101 -2.80685151302761 -2.9210825952905 0.847755685768036 0.772065100588596 0.94894054070485 "Longitudinal"
"136" 1 "1_damage2836" "nullDamageQualityResource" -3.64137047497023 -3.52914576526502 -3.5758054289555 -3.59443289149186 -3.24508936626721 -3.53773278727344 -3.52258273782963 -3.49474160491373 -3.31106193680516 -3.55049830373065 0.481309110551526 0.419578205115065 0.615961566111481 "Longitudinal"
"137" 0 "1_damage2836" "nullDamageResource" -2.72507986629338 -2.75807805642958 -2.71470643456383 -2.69574905148417 -2.74724786539644 -2.68954762643865 -2.63331917548094 -2.69819493898599 -2.67939950201287 -2.69231172319111 1 0.949930374325402 1.06769262679717 "Longitudinal"
"138" 0.142857142857143 "1_damage2836" "nullDamageResource" -2.71179599130757 -2.74068053524563 -2.69059555425111 -2.72180178860888 -2.73310013056824 -2.71023217533219 -2.59636242077127 -2.72798731109313 -2.65295035550992 -2.66353362758569 1.00795777822779 0.965590888073284 1.10510071728979 "Longitudinal"
"139" 0.285714285714286 "1_damage2836" "nullDamageResource" -2.71401705775934 -2.72328416279969 -2.6664845214735 -2.72683765703128 -2.71510071856505 -2.71672476864096 -2.61188811015832 -2.72571212737012 -2.62649223504468 -2.63456963044266 1.01629179456478 0.978223865868656 1.08923988948585 "Longitudinal"
"140" 0.428571428571429 "1_damage2836" "nullDamageResource" -2.70414308169205 -2.70589099512852 -2.64237293922544 -2.69598337151936 -2.68816393625456 -2.71962955184246 -2.64438909580147 -2.68854333813633 -2.60001728166133 -2.60278701635113 1.03250878627234 0.984862968914621 1.10134783506151 "Longitudinal"
"141" 0.571428571428571 "1_damage2836" "nullDamageResource" -2.65936633145982 -2.68850292869499 -2.61826042623663 -2.62846957563353 -2.6425687430582 -2.68738073180737 -2.62902506200473 -2.63059333626743 -2.57352677850902 -2.5676384785711 1.06847578869724 1.01401845025272 1.13500936598353 "Longitudinal"
"142" 0.714285714285714 "1_damage2836" "nullDamageResource" -2.58633873301149 -2.67111803884968 -2.59414699149977 -2.5381863442789 -2.58240943144969 -2.60620296048432 -2.53613059937479 -2.56163319576321 -2.54702667575715 -2.52983112011905 1.12695701301458 1.03065064721059 1.17551536798707 "Longitudinal"
"143" 0.857142857142857 "1_damage2836" "nullDamageResource" -2.48901436032395 -2.65373490241625 -2.57003275471981 -2.43461751207619 -2.51252202898524 -2.48460798611927 -2.41745453740236 -2.49323460937027 -2.52052241926563 -2.49059641160256 1.20102302131448 1.04753477477201 1.30388074324325 "Longitudinal"
"144" 1 "1_damage2836" "nullDamageResource" -2.38810449421838 -2.63635289703429 -2.54591815605289 -2.32840971862309 -2.44139403681247 -2.35568340071151 -2.2976867376341 -2.41399484601454 -2.4940222417529 -2.45052072976487 1.28278338250181 1.0646746093971 1.45463105477113 "Longitudinal"
"145" 0 "1_damage2836" "nullQuality" -1.08560977299049 -1.37257969826126 -1.27216715793011 -1.30572230194899 -1.03502081016475 -1.13230280737049 -1.18765749039119 -1.17704420395829 -1.32498699748071 -1.06436784924675 1 0.870692360722538 1.12865971651479 "Longitudinal"
"146" 0.0833333333333333 "1_damage2836" "nullQuality" -1.19584767367883 -1.22828975581365 -1.16954288704926 -1.23047842584557 -1.15113414017736 -1.17647714601676 -1.15449336670405 -1.14319549987363 -1.33200849214176 -1.08634172024653 1.00689954741688 0.899215258128125 1.08644307310409 "Longitudinal"
"147" 0.166666666666667 "1_damage2836" "nullQuality" -1.24677164319183 -1.25234247114806 -1.1703507300762 -1.14634167206175 -1.25089358664561 -1.18139025723526 -1.18731274189566 -1.15625662552125 -1.29354063951605 -1.12217735424091 0.996172535438689 0.926889174131189 1.05759206559826 "Longitudinal"
"148" 0.25 "1_damage2836" "nullQuality" -1.2596753148506 -1.29383201827071 -1.20496452753631 -1.10324099028958 -1.3067365130091 -1.14766456328079 -1.2130948558536 -1.20625447738282 -1.21255650910963 -1.16599622957772 0.988030496528543 0.917326927820582 1.07277291914631 "Longitudinal"
"149" 0.333333333333333 "1_damage2836" "nullQuality" -1.28700121891221 -1.24871632063248 -1.24111911206601 -1.13539279099605 -1.32158081680645 -1.1299777911274 -1.19498192229304 -1.26699326830107 -1.24998844746373 -1.2272121862737 0.97371903019178 0.906656392235204 1.05138092653391 "Longitudinal"
"150" 0.416666666666667 "1_damage2836" "nullQuality" -1.31762317417177 -1.26222498233689 -1.34685745959978 -1.21397062134763 -1.30950201979085 -1.18372824796515 -1.22628911131569 -1.33230859592523 -1.4113642297665 -1.31055199786145 0.928416546848352 0.844062165456693 1.00925644043957 "Longitudinal"
"151" 0.5 "1_damage2836" "nullQuality" -1.32033749623013 -1.36997195802562 -1.47547208184786 -1.31460608780607 -1.27289192842044 -1.29575773785559 -1.33763570108917 -1.38545990248083 -1.47002726536121 -1.37255355064172 0.878434128700958 0.801403853662918 0.9419967682201 "Longitudinal"
"152" 0.583333333333333 "1_damage2836" "nullQuality" -1.33470275800302 -1.458990298219 -1.52751027123593 -1.42334349015145 -1.27727290558298 -1.39175794289448 -1.4560488698073 -1.41319045741729 -1.47889250639793 -1.39527778653871 0.841124606465476 0.768014719885585 0.938776678519448 "Longitudinal"
"153" 0.666666666666667 "1_damage2836" "nullQuality" -1.39444868714376 -1.56021612643271 -1.53434546447766 -1.49707109203468 -1.41355092503171 -1.42241231066979 -1.53494474380898 -1.44890665700215 -1.60023454256145 -1.44713773761926 0.794995941468673 0.723191528001369 0.855600275191001 "Longitudinal"
"154" 0.75 "1_damage2836" "nullQuality" -1.43583636359991 -1.70385831851002 -1.56404613164917 -1.5164512568191 -1.61059934787401 -1.42922517640741 -1.5491249190418 -1.53196751769541 -1.64688513783774 -1.56638823352197 0.750549274860435 0.662963966729603 0.832007319932489 "Longitudinal"
"155" 0.833333333333333 "1_damage2836" "nullQuality" -1.45976001960954 -1.75056820592852 -1.6655289794377 -1.52292718492162 -1.70806540989724 -1.5217608962195 -1.54306181618929 -1.66564529692939 -1.67968190436608 -1.68713681179635 0.711130329988751 0.637186076949776 0.811702669248661 "Longitudinal"
"156" 0.916666666666667 "1_damage2836" "nullQuality" -1.68098199897024 -1.81445194627869 -1.9789617625208 -1.58898846961085 -1.77607496572906 -1.80080700034817 -1.75759763636107 -1.87795481605495 -2.22969122288702 -1.79816731711524 0.595068561186893 0.418182476488509 0.72998394707825 "Longitudinal"
"157" 1 "1_damage2836" "nullQuality" -2.29189268320193 -2.39186907783861 -2.6404780236039 -1.85499156852113 -2.09532996633443 -2.2986024432327 -2.40225673526515 -2.25447314212328 -3.33252725269175 -2.05736593004726 0.370827542326287 0.148437283793748 0.582552762792417 "Longitudinal"
"158" 0 "1_damage2836" "nullQualityResource" -2.38977295756357 -2.17817390055545 -2.28724605198253 -2.32917538437763 -2.34259461922853 -2.39825670084131 -2.41517888046797 -2.26362099786235 -2.37512708965063 -2.42140539968844 1 0.928242615818802 1.15784501698797 "Longitudinal"
"159" 0.125 "1_damage2836" "nullQualityResource" -2.27585741866803 -2.34504826428783 -2.36440509673164 -2.30030922183564 -2.34487524865384 -2.3095815921819 -2.4318219470616 -2.3397043622978 -2.32534256922353 -2.38456664636326 0.998089769243945 0.919400713596269 1.06012763344113 "Longitudinal"
"160" 0.25 "1_damage2836" "nullQualityResource" -2.33056133799538 -2.41803540584333 -2.35221725306066 -2.24036357637532 -2.40769296328398 -2.28747522481968 -2.41106486371282 -2.37663241299869 -2.31450786962464 -2.33517008277864 0.993346053624253 0.931119724352331 1.09474718323034 "Longitudinal"
"161" 0.375 "1_damage2836" "nullQualityResource" -2.32061113159124 -2.32272674396535 -2.32280670891672 -2.25121968374592 -2.40521608370139 -2.26206484551779 -2.34940757119794 -2.35067526322396 -2.2978615529463 -2.29181415618574 1.02082107230817 0.942138484837707 1.08405259546995 "Longitudinal"
"162" 0.5 "1_damage2836" "nullQualityResource" -2.35018615600645 -2.33150477046047 -2.33697259385205 -2.31994746014228 -2.40760444277247 -2.22237261234132 -2.30067937639442 -2.26597866562071 -2.38270897503544 -2.23948029707366 1.02239898345534 0.940076634641656 1.11267812972997 "Longitudinal"
"163" 0.625 "1_damage2836" "nullQualityResource" -2.28254457807069 -2.41835410425345 -2.35642992582348 -2.2159295864498 -2.40390575434896 -2.26977664649314 -2.2449440531922 -2.20632307744616 -2.35665905121567 -2.19101516879152 1.04225685902115 0.930847290428104 1.14455746519878 "Longitudinal"
"164" 0.75 "1_damage2836" "nullQualityResource" -2.16624848178105 -2.40799516780409 -2.24564638851441 -2.22711193627533 -2.21355333876433 -2.31429962555184 -2.26283752856063 -2.25212462272508 -2.23654563833099 -2.21802019247776 1.0808998854659 0.939739716085709 1.17030721197013 "Longitudinal"
"165" 0.875 "1_damage2836" "nullQualityResource" -2.27452294941085 -2.37784502899854 -2.29327507397464 -2.16848121451033 -2.208985659834 -2.31456046311159 -2.38958607443421 -2.38464296050267 -2.23040367346197 -2.31686047059683 1.04100001682688 0.955733571654063 1.16796498051523 "Longitudinal"
"166" 1 "1_damage2836" "nullQualityResource" -2.65476408267229 -2.72087040590726 -2.76396990597901 -2.91637481840945 -2.63645667599899 -2.64438638587439 -2.67897296139872 -2.69522936363847 -2.56434651475194 -2.71690299192669 0.717269806261042 0.584456015512597 0.813441613478722 "Longitudinal"
"167" 0 "1_damage2836" "nullResource" -2.42834782230048 -2.40333342224091 -2.3005654027465 -2.25976027082689 -2.46950958526597 -2.55123350094534 -2.43009777490074 -2.39562263851567 -2.41826092082481 -2.36480249471196 1 0.871519681329405 1.13856684560248 "Longitudinal"
"168" 0.125 "1_damage2836" "nullResource" -2.39159147847863 -2.40832096718387 -2.33192477543885 -2.27941726681603 -2.40324112576156 -2.4683641575447 -2.39836591825307 -2.35846014677421 -2.31587274199669 -2.33716356614792 1.03056811825722 0.940937541566386 1.11846216690113 "Longitudinal"
"169" 0.25 "1_damage2836" "nullResource" -2.35224602036795 -2.39596155016293 -2.3611819566586 -2.28994900577405 -2.33661898115457 -2.3893407791699 -2.36782810312938 -2.3180179388629 -2.23869663563573 -2.30344651833961 1.06300995762077 1.00569253713756 1.16046886559501 "Longitudinal"
"170" 0.375 "1_damage2836" "nullResource" -2.29843776320293 -2.35080185869798 -2.35110345648452 -2.2715191173697 -2.26951084075003 -2.30913105664198 -2.33769058169972 -2.27911244680261 -2.19515273109596 -2.26078684495037 1.10543467836435 1.04781991784138 1.20694211694265 "Longitudinal"
"171" 0.5 "1_damage2836" "nullResource" -2.22493535215427 -2.27746818847287 -2.30465414461052 -2.22716557885302 -2.20182084505273 -2.22160949652605 -2.30304475287047 -2.24223153798314 -2.17474061097786 -2.21407915075272 1.15996734611965 1.09311804454818 1.22929176234752 "Longitudinal"
"172" 0.625 "1_damage2836" "nullResource" -2.13680816854404 -2.18374462478517 -2.229392742445 -2.16831459844286 -2.13339655358303 -2.12400669891496 -2.257758005304 -2.1988505257141 -2.1697214939427 -2.16110190955672 1.22756098569107 1.14063277767547 1.28643600611441 "Longitudinal"
"173" 0.75 "1_damage2836" "nullResource" -2.01964292302286 -2.07564475329349 -2.1141515296346 -2.10127001303429 -2.0641471029051 -2.01450792876546 -2.19803832771036 -2.11937289897637 -2.15594339769508 -2.09501699871534 1.31923964182606 1.20381190711346 1.41778110628366 "Longitudinal"
"174" 0.875 "1_damage2836" "nullResource" -1.87605841009471 -1.96977434391642 -1.98709450159442 -2.01796722637225 -1.99421191524564 -1.89261399180165 -2.12706585389338 -1.99242484285884 -2.10935976656108 -2.01611782294817 1.43822140888554 1.28292506869298 1.6003427225719 "Longitudinal"
"175" 1 "1_damage2836" "nullResource" -1.71537418460975 -1.86889191666579 -1.8716219624806 -1.91816680687721 -1.9237417154083 -1.7645123550129 -2.05120116727155 -1.82741165283649 -2.03283864178247 -1.92954565054072 1.58064006907159 1.37252061471097 1.83677220040539 "Longitudinal"
"176" 0 "1_damage2836" "quality" 1.83900549001477 1.60967946739157 1.76869983090914 1.66656152017821 1.93120350066007 1.9012318280727 1.91270423047089 1.78605713874822 1.93785371375428 2.0062161427714 1 0.966260995951626 1.02200966492188 "Longitudinal"
"177" 0.0277777777777778 "1_damage2836" "quality" 0.841146422722935 0.671239577542644 0.924959353013672 0.886048046292045 0.980197789066546 0.90242789853524 0.80380090445375 0.808852884878236 0.850533632776862 1.03836870271825 0.817311773638144 0.767312525369797 0.856306749422018 "Longitudinal"
"178" 0.0555555555555556 "1_damage2836" "quality" -0.133626296975952 -0.231943576149854 0.0964594204161129 0.119787173728285 0.0452626523240429 -0.0766950156291495 -0.260635121143075 -0.140391373000747 -0.195279235193134 0.0890400019833701 0.559797679826208 0.504608627157608 0.614414104624139 "Longitudinal"
"179" 0.0833333333333333 "1_damage2836" "quality" -1.05266928641075 -1.05813352819838 -0.695548377086839 -0.613346133190622 -0.8486469552453 -1.0064660636429 -1.22668099595447 -1.02547086665649 -1.14880988610522 -0.814557278430708 0.323583160036482 0.26292394054365 0.407316272949478 "Longitudinal"
"180" 0.111111111111111 "1_damage2836" "quality" -1.87793615593664 -1.77082628406885 -1.42658393172533 -1.29307411377994 -1.66903174810603 -1.84953632693088 -2.04501195178968 -1.80916425409881 -1.96282462838214 -1.63909570442483 0.173963229966741 0.132825431522675 0.249671334169269 "Longitudinal"
"181" 0.138888888888889 "1_damage2836" "quality" -2.57360168551766 -2.34955065670091 -2.07340579720789 -1.90166928322509 -2.38115236874479 -2.56754329039052 -2.6850670477343 -2.46208821876586 -2.60688075349393 -2.3511109883924 0.0968605773220373 0.0740438648671401 0.150637497282328 "Longitudinal"
"182" 0.166666666666667 "1_damage2836" "quality" -3.11340947108567 -2.79325690008044 -2.61768823458888 -2.42624345945806 -2.9549225419965 -3.12911399724534 -3.14122050572 -2.96831842340418 -3.07350337568752 -2.92348604105977 0.059666308882736 0.0480466831210355 0.0941408759576123 "Longitudinal"
"183" 0.194444444444444 "1_damage2836" "quality" -3.48671492302337 -3.11713331230233 -3.04869479825192 -2.85953997471195 -3.37216925174436 -3.51779584024593 -3.43136078919306 -3.32754923483297 -3.37752813051622 -3.34148257990735 0.0417237158917774 0.0334043515841621 0.0628318079805224 "Longitudinal"
"184" 0.222222222222222 "1_damage2836" "quality" -3.70177253115415 -3.34532310925078 -3.36473800254156 -3.19971266200651 -3.63219431467463 -3.73763191264386 -3.58984150658761 -3.55400631628737 -3.55017311223478 -3.60682239780309 0.0330677763264294 0.0269653307497534 0.0454238833193938 "Longitudinal"
"185" 0.25 "1_damage2836" "quality" -3.78505171182134 -3.50281366055192 -3.57328928244244 -3.4496850707625 -3.75357515748276 -3.81419763023356 -3.65777754663826 -3.67278450089767 -3.63032752270771 -3.73840902308608 0.0291501976419146 0.0250206616543772 0.0356863534353651 "Longitudinal"
"186" 0.277777777777778 "1_damage2836" "quality" -3.77627680689802 -3.60943854159719 -3.68974909095953 -3.6165444746944 -3.77109437135582 -3.79007479877399 -3.67379189142552 -3.71464594224311 -3.65578097140776 -3.76905221818174 0.0277936430713586 0.0256180718170376 0.0305562587591806 "Longitudinal"
"187" 0.305555555555556 "1_damage2836" "quality" -3.72017316697783 -3.67764041442449 -3.73507939152117 -3.71111451147934 -3.72826383187449 -3.71556121926259 -3.6675840776472 -3.71048859538692 -3.65663113131136 -3.7387596320953 0.0278076256179488 0.0269356446048615 0.0291831793228878 "Longitudinal"
"188" 0.333333333333333 "1_damage2836" "quality" -3.65705842500986 -3.71393171267762 -3.73269622584761 -3.74752516668996 -3.66749206226684 -3.63717502002616 -3.65739893877142 -3.68663241535076 -3.65210032563862 -3.68632963104846 0.0284192096665489 0.0267059855056641 0.029741822818489 "Longitudinal"
"189" 0.361111111111111 "1_damage2836" "quality" -3.61494715584679 -3.72253816762092 -3.705165661319 -3.7424232997938 -3.62087836970419 -3.58746645471363 -3.65109421952609 -3.66177676761184 -3.65081314225881 -3.64163510330143 0.029091070695985 0.0268394220527863 0.0312167976964672 "Longitudinal"
"190" 0.388888888888889 "1_damage2836" "quality" -3.605460926401 -3.70905239910079 -3.67129532130794 -3.71353470217321 -3.60448931910386 -3.57934634053405 -3.64948807516155 -3.64602308375481 -3.65360517625139 -3.62083177244287 0.0295069095013178 0.027607352664998 0.0314644068183528 "Longitudinal"
"191" 0.416666666666667 "1_damage2836" "quality" -3.62462948674647 -3.68224556493008 -3.64413982067785 -3.67757746427593 -3.61778801983826 -3.60662954660164 -3.65028456913931 -3.64184274296235 -3.65741046868349 -3.62577290400564 0.0295783271833386 0.0284632783394269 0.0306399404153706 "Longitudinal"
"192" 0.444444444444444 "1_damage2836" "quality" -3.65804662448624 -3.65326199474458 -3.63024692662917 -3.64790436663285 -3.64807787340829 -3.65031920672395 -3.65114317723787 -3.64642930699869 -3.65879507338454 -3.64749938405242 0.0293961235571657 0.0291216812979549 0.029943252547984 "Longitudinal"
"193" 0.472222222222222 "1_damage2836" "quality" -3.68840274243716 -3.63273808019291 -3.63020045876615 -3.63253451605339 -3.67808018574835 -3.68815072744909 -3.65116121464612 -3.65461528274269 -3.65616365531232 -3.67232306273425 0.0291318490289088 0.0282928266344645 0.0299446080438945 "Longitudinal"
"194" 0.5 "1_damage2836" "quality" -3.70269819319202 -3.62736020147196 -3.6402293437785 -3.63326712170138 -3.69375796217136 -3.70385083878231 -3.65083687340743 -3.66151383727567 -3.65033548673764 -3.68823618534148 0.0289401530609505 0.0278695398770733 0.0300275735875447 "Longitudinal"
"195" 0.527777777777778 "1_damage2836" "quality" -3.69671552918368 -3.63760549178441 -3.65442219770888 -3.64630163462191 -3.68960203554625 -3.692853560899 -3.65115624238851 -3.66425353440563 -3.64380493972064 -3.68944428084007 0.0289004675369535 0.0280642783573898 0.0297293507645989 "Longitudinal"
"196" 0.555555555555556 "1_damage2836" "quality" -3.67547855452816 -3.65783296541316 -3.66697407652456 -3.66429961854233 -3.6697424476108 -3.66272275204749 -3.65262110310796 -3.66253194621842 -3.63937193023347 -3.67768462396862 0.0290046329961327 0.0285901857683077 0.0296782250640787 "Longitudinal"
"197" 0.583333333333333 "1_damage2836" "quality" -3.64999424759787 -3.67880123346042 -3.67392730852156 -3.67930066181845 -3.64495752066651 -3.62864597052933 -3.65481681969933 -3.6581040162605 -3.63887400256125 -3.66029787951379 0.0291791730317408 0.0285451568172845 0.0299899878533855 "Longitudinal"
"198" 0.611111111111111 "1_damage2836" "quality" -3.63194591123735 -3.6915850864402 -3.67404167487655 -3.68556286998519 -3.62723298520456 -3.60623967257278 -3.65668163677094 -3.65362287474398 -3.64252646358023 -3.64624561624678 0.0293275517088602 0.0282051190067014 0.0306515726036748 "Longitudinal"
"199" 0.638888888888889 "1_damage2836" "quality" -3.62865781443499 -3.69123665980088 -3.66869132174833 -3.68139138558177 -3.6243539041326 -3.60480714059651 -3.65721665977615 -3.65138007601371 -3.64901983525787 -3.64193993126561 0.029376158253031 0.0282147089496903 0.0306943501897746 "Longitudinal"
"200" 0.666666666666667 "1_damage2836" "quality" -3.64035755415571 -3.67865361731392 -3.66096135601267 -3.66936850683772 -3.63679573510689 -3.6237936662653 -3.65616259134694 -3.65242647225612 -3.65619460499949 -3.64863994388207 0.0293056365508119 0.0285631776299747 0.0301320710662691 "Longitudinal"
"201" 0.694444444444444 "1_damage2836" "quality" -3.6606809934983 -3.65990971004539 -3.65432679988555 -3.65498249565998 -3.65805618825299 -3.65369881726224 -3.65423535495337 -3.65633764671299 -3.66192815966209 -3.6623641963272 0.0291541500272573 0.0290205245718828 0.0292667159621534 "Longitudinal"
"202" 0.722222222222222 "1_damage2836" "quality" -3.67996597821118 -3.64341020671985 -3.65138122827176 -3.6442449358538 -3.6780415678989 -3.68078094321569 -3.65278897799446 -3.66160972562865 -3.66486495319143 -3.67613514965699 0.0289934262778799 0.0285039712240227 0.0295616673477802 "Longitudinal"
"203" 0.75 "1_damage2836" "quality" -3.68974758323084 -3.6361641312692 -3.65302129084013 -3.64125387202974 -3.68784209371797 -3.69333307739338 -3.65309866497525 -3.66643605591725 -3.66475763787766 -3.68339534267718 0.0288923237517129 0.028157056014082 0.0297711313205095 "Longitudinal"
"204" 0.777777777777778 "1_damage2836" "quality" -3.68645285034861 -3.64081289087034 -3.65831095866428 -3.64665347750555 -3.68372402750246 -3.68675312030922 -3.65565978222458 -3.66950191714048 -3.66237781104822 -3.68101064855109 0.0288861046942305 0.0283383959662298 0.0296365830196289 "Longitudinal"
"205" 0.805555555555556 "1_damage2836" "quality" -3.6727380492517 -3.65467951235702 -3.66500782867788 -3.65756143811134 -3.66861276476571 -3.66527008450518 -3.65988280799072 -3.67047154525837 -3.65911314488464 -3.67055255526216 0.0289632902681168 0.0287284468439506 0.0292387517351878 "Longitudinal"
"206" 0.833333333333333 "1_damage2836" "quality" -3.65599557344912 -3.67118308513082 -3.67051290146047 -3.66893476721441 -3.6505120785981 -3.63971118881627 -3.6643485698179 -3.67000032153116 -3.65644146130675 -3.65737597607345 0.029073272043952 0.0287720439113953 0.0296684157705702 "Longitudinal"
"207" 0.861111111111111 "1_damage2836" "quality" -3.64479981154057 -3.68291412318247 -3.67287635569039 -3.67576628974962 -3.63867178943785 -3.62242720454446 -3.6674905984323 -3.66931355686334 -3.65545935819309 -3.64800372914029 0.0291507327162025 0.0284447220230476 0.0301722013417372 "Longitudinal"
"208" 0.888888888888889 "1_damage2836" "quality" -3.64492927827609 -3.68495363595255 -3.67149466476858 -3.67518210122727 -3.63928327259576 -3.6216908308619 -3.66834810474814 -3.66956755078888 -3.65657853494225 -3.64705791341913 0.0291468594141828 0.0283881867109425 0.030193848743261 "Longitudinal"
"209" 0.916666666666667 "1_damage2836" "quality" -3.65673722833127 -3.67695158781411 -3.66726381129782 -3.66757448524428 -3.65264206432815 -3.63804672746643 -3.66699910999723 -3.67128379257058 -3.65943299338828 -3.65513604738207 0.0290532905728907 0.0286106337576064 0.0297165721327421 "Longitudinal"
"210" 0.944444444444444 "1_damage2836" "quality" -3.67500676537948 -3.66307861801441 -3.66216131913115 -3.65632580316524 -3.67302024875602 -3.66417637009023 -3.66445605505782 -3.67410095752779 -3.66299457184859 -3.66856629986285 0.0289068719830749 0.0286649535377717 0.0291918667569876 "Longitudinal"
"211" 0.972222222222222 "1_damage2836" "quality" -3.69130924137556 -3.64995177823819 -3.65844188670614 -3.64628051795848 -3.69125948850839 -3.68826196833297 -3.66209655196786 -3.6769467772695 -3.6658730208925 -3.68111100937714 0.0287728817671817 0.0282127109839281 0.0294790920430786 "Longitudinal"
"212" 1 "1_damage2836" "quality" -3.69777258945252 -3.6435631730301 -3.65777239777148 -3.64165474429974 -3.69887217407233 -3.69928008742833 -3.66095700512164 -3.67855176034302 -3.66675644232335 -3.68680651946207 0.0287155440843834 0.0279941335664459 0.0296122807951285 "Longitudinal"
"213" 0 "1_damage2836" "qualityResource" -1.88200269066889 -1.91557257556777 -1.92619145124177 -1.75774273016315 -1.69466102064756 -1.88931290731246 -1.81964139564953 -2.11212408530932 -1.72595384313962 -1.8201924523287 1 0.797286156835484 1.14626955850362 "Longitudinal"
"214" 0.0416666666666667 "1_damage2836" "qualityResource" -2.08817661445524 -2.13417893217647 -2.08679552084495 -2.07003895372703 -1.99236873339636 -2.10338983410585 -2.03216085317222 -2.16524425100681 -2.03106663029049 -2.02683507998259 0.82552387585545 0.760284321179602 0.886545287751069 "Longitudinal"
"215" 0.0833333333333333 "1_damage2836" "qualityResource" -2.2936216804052 -2.36027749242994 -2.26266342563429 -2.37667416484489 -2.2864595707208 -2.32779343561216 -2.24281772481912 -2.24724065945365 -2.33161953719771 -2.23648873217456 0.675273060022979 0.627705066946867 0.713049042741844 "Longitudinal"
"216" 0.125 "1_damage2836" "qualityResource" -2.5006741287382 -2.59915766109671 -2.46736488751925 -2.66936424042311 -2.57223542262875 -2.57021367642883 -2.45043272818511 -2.38532488131398 -2.62087113741257 -2.45142576530791 0.545713693655965 0.478749123118385 0.622754163478783 "Longitudinal"
"217" 0.166666666666667 "1_damage2836" "qualityResource" -2.71493051439034 -2.84892395861948 -2.70454566049505 -2.93803189799816 -2.84411729943168 -2.82922861066719 -2.65534568629264 -2.590881216763 -2.89041737158799 -2.67118052322161 0.43612599558083 0.371628672598932 0.515111116351809 "Longitudinal"
"218" 0.208333333333333 "1_damage2836" "qualityResource" -2.94043401742655 -3.09816915655863 -2.96312362036763 -3.1726259298053 -3.09512571454172 -3.09135727398613 -2.85867763439782 -2.85102922524158 -3.13137000672724 -2.89128115321974 0.347260418960011 0.297042753648609 0.40356418108302 "Longitudinal"
"219" 0.25 "1_damage2836" "qualityResource" -3.17237627616989 -3.3280553674909 -3.21919420365837 -3.36500297324186 -3.31601687700903 -3.33391520173424 -3.05996720444695 -3.13161877184767 -3.33555010620389 -3.10341909276103 0.279354600895144 0.246795645700901 0.330878537236116 "Longitudinal"
"220" 0.291666666666667 "1_damage2836" "qualityResource" -3.39303132520971 -3.51783772026799 -3.44335193093393 -3.51059206097497 -3.49576021812824 -3.53222612327957 -3.25455627377344 -3.38905081852376 -3.49672533324056 -3.2969326604237 0.231078130137899 0.209871437084153 0.274544604309566 "Longitudinal"
"221" 0.333333333333333 "1_damage2836" "qualityResource" -3.57553749604766 -3.65165236713559 -3.61037320282637 -3.60945623445698 -3.62441346085803 -3.66817020776461 -3.43253452880019 -3.58548015248744 -3.61182816459238 -3.46115114880061 0.199750802427486 0.183858902077618 0.23118379231493 "Longitudinal"
"222" 0.375 "1_damage2836" "qualityResource" -3.69521368316243 -3.72395538185477 -3.70751304485529 -3.6664247609926 -3.69767440407177 -3.7366161867454 -3.58045760215337 -3.70117431165011 -3.68193670710863 -3.58792253192243 0.182124534327383 0.171978675918997 0.200257141569601 "Longitudinal"
"223" 0.416666666666667 "1_damage2836" "qualityResource" -3.7425728124155 -3.74154831847415 -3.73835336168121 -3.69018906720888 -3.72068215264745 -3.74721073718658 -3.68565855243917 -3.7394244997225 -3.712670544101 -3.67360860619388 0.174929967594186 0.170208015256744 0.182886404668962 "Longitudinal"
"224" 0.458333333333333 "1_damage2836" "qualityResource" -3.73005029764529 -3.72145265213561 -3.72093683239693 -3.69155688456714 -3.7083576649649 -3.72090686449723 -3.74148555078961 -3.72271288071023 -3.71366449390657 -3.71999290928849 0.174943658825038 0.171162640124323 0.179712330376929 "Longitudinal"
"225" 0.5 "1_damage2836" "qualityResource" -3.6875623478855 -3.68547559356661 -3.68111850283384 -3.68132397055554 -3.68118638893437 -3.68271151418485 -3.75103304419298 -3.68241829686101 -3.69699691272559 -3.73386309015821 0.178870505940367 0.169573574957032 0.181551718181472 "Longitudinal"
"226" 0.541666666666667 "1_damage2836" "qualityResource" -3.64865105119743 -3.65352401279454 -3.64381041619409 -3.66834362794635 -3.65800267806994 -3.65356127230642 -3.72736779197273 -3.64671284068504 -3.67482195351397 -3.72540714671246 0.183527507049049 0.173539043915273 0.188277115812684 "Longitudinal"
"227" 0.583333333333333 "1_damage2836" "qualityResource" -3.63490954207271 -3.63810816087721 -3.62542925627881 -3.65829999490797 -3.64934651488287 -3.64443253282447 -3.68975324254681 -3.63156994172879 -3.65683373645024 -3.70589055853624 0.186515188462067 0.177216118552401 0.191679244920395 "Longitudinal"
"228" 0.625 "1_damage2836" "qualityResource" -3.64763667433548 -3.64190953163422 -3.63018718970113 -3.65344804250447 -3.65491960881842 -3.6547265164744 -3.65724446549467 -3.63801622271139 -3.64837828566461 -3.68526349999668 0.186930947027995 0.180819125455791 0.190792911782446 "Longitudinal"
"229" 0.666666666666667 "1_damage2836" "qualityResource" -3.6712759333024 -3.65902610862044 -3.65121832987735 -3.65326326444774 -3.66643911417046 -3.67513531520395 -3.64233405637444 -3.6558323755876 -3.64989035515388 -3.67033408939575 0.185424281414967 0.182614300133144 0.188548186227018 "Longitudinal"
"230" 0.708333333333333 "1_damage2836" "qualityResource" -3.68591674611934 -3.67907878325898 -3.67560712026951 -3.655665903432 -3.67408507079905 -3.69338943152472 -3.64739707774711 -3.67118602509523 -3.65787713374644 -3.66394538857444 0.183456901449832 0.179391290546146 0.187620158646497 "Longitudinal"
"231" 0.75 "1_damage2836" "qualityResource" -3.68068618257181 -3.69233693622967 -3.69095784602269 -3.65834559238162 -3.6727025979937 -3.70025986145536 -3.66543540950676 -3.67431849358464 -3.66707222353263 -3.66527727995237 0.182328858086765 0.178192646469615 0.185628535016932 "Longitudinal"
"232" 0.791666666666667 "1_damage2836" "qualityResource" -3.65974526997985 -3.69378487804211 -3.69075481343824 -3.65975128061391 -3.66424950545355 -3.69332432591286 -3.68464318673158 -3.66388026332846 -3.67290668781623 -3.67106061547339 0.182565370387219 0.179322086543594 0.185375411817601 "Longitudinal"
"233" 0.833333333333333 "1_damage2836" "qualityResource" -3.63779187912261 -3.68465414743194 -3.67650203495004 -3.659497017561 -3.65545608288951 -3.67717952665233 -3.69456494694507 -3.64644079789261 -3.67332011060438 -3.67724332857423 0.183841910486485 0.179185649103671 0.189384548456626 "Longitudinal"
"234" 0.875 "1_damage2836" "qualityResource" -3.62892617166045 -3.67109693455612 -3.6561272711772 -3.65818268250474 -3.65267871254709 -3.66042432839909 -3.69095152686151 -3.63208796593801 -3.66923902511232 -3.68055882272269 0.185324441144249 0.179818504692511 0.191027431594424 "Longitudinal"
"235" 0.916666666666667 "1_damage2836" "qualityResource" -3.63682435932142 -3.66087198704558 -3.6397264060926 -3.65684059232913 -3.65754160275211 -3.65111453152338 -3.67715388510204 -3.62875209870231 -3.66365427069268 -3.67953490651667 0.186198359886822 0.18183236845182 0.191059827120526 "Longitudinal"
"236" 0.958333333333333 "1_damage2836" "qualityResource" -3.65278801844213 -3.65966212527885 -3.63474638727272 -3.65631918480857 -3.66617924576647 -3.65291624999405 -3.66165200595292 -3.63820593532537 -3.6598539145465 -3.67470794035329 0.186107331834335 0.182690431132651 0.189947344188532 "Longitudinal"
"237" 1 "1_damage2836" "qualityResource" -3.66252373083873 -3.6686593704311 -3.64276813771464 -3.65688013089359 -3.67231831443218 -3.66368345025977 -3.65320969833846 -3.65557720006257 -3.65971855700441 -3.66808950862857 0.185267452808477 0.183116680758259 0.188468446311812 "Longitudinal"
"238" 0 "1_damage2836" "resource" -2.00891166220703 -1.99562384506579 -2.03609712978918 -2.14086276387309 -2.06778191010747 -2.0656050935969 -2.01715560250548 -2.00666636782523 -2.12334708436832 -1.98181508489095 1 0.917705578043214 1.05674949628801 "Longitudinal"
"239" 0.05 "1_damage2836" "resource" -2.01885665547776 -1.98071990645069 -2.03514376840618 -2.13122440554487 -2.08279324892282 -2.06849784674787 -2.02410859721982 -2.0171084198805 -2.12191770274348 -2.00391918630564 0.996426586187136 0.925650517254256 1.05776706561195 "Longitudinal"
"240" 0.1 "1_damage2836" "resource" -2.02865045982521 -1.96757739304959 -2.03419036165509 -2.12158605707444 -2.09743644950556 -2.07115488010602 -2.03106257687134 -2.02759780126725 -2.12048835712634 -2.02578109959822 0.992792812443403 0.933656004573094 1.07004424676826 "Longitudinal"
"241" 0.15 "1_damage2836" "resource" -2.03811108722676 -1.95858297382629 -2.0332368873208 -2.11194774284499 -2.11127835513973 -2.07327236996388 -2.03801842536422 -2.03810690358281 -2.11905406098045 -2.04707491132948 0.989001992533865 0.935769131217819 1.07851694341545 "Longitudinal"
"242" 0.2 "1_damage2836" "resource" -2.04706936338741 -1.9563527014114 -2.03228337653658 -2.10230950612925 -2.12390621095573 -2.0745383385087 -2.04497639818641 -2.048463743515 -2.11760186266404 -2.06743136726823 0.98495370384373 0.931723363664274 1.08062674510268 "Longitudinal"
"243" 0.25 "1_damage2836" "resource" -2.05540450044469 -1.96315372964513 -2.03132991556799 -2.09267140367767 -2.13495918173961 -2.07470210660912 -2.05193577864081 -2.05834359889706 -2.11611176842983 -2.08647704594633 0.980579779683241 0.922564756823123 1.07420413700372 "Longitudinal"
"244" 0.3 "1_damage2836" "resource" -2.0630481098881 -1.98044062796301 -2.03037661498385 -2.08303349237035 -2.14407829944387 -2.07361236599322 -2.05889492378155 -2.06733241155422 -2.11456101411267 -2.10383319273592 0.975879046445173 0.915068414646106 1.05802668833334 "Longitudinal"
"245" 0.35 "1_damage2836" "resource" -2.06996797092682 -2.00853297523861 -2.02942356375671 -2.07339581270501 -2.15085038171757 -2.07122436168264 -2.06585165145952 -2.07503521718357 -2.11292927569744 -2.11908616942071 0.970942206490102 0.909536289027274 1.03218536738849 "Longitudinal"
"246" 0.4 "1_damage2836" "resource" -2.07614803982307 -2.04645617670521 -2.02847079181143 -2.06375837605573 -2.1548221366469 -2.0675820893336 -2.0728038228435 -2.08118508077976 -2.11120205913863 -2.13175244060521 0.965958736180747 0.906305521110782 1.0141782385174 "Longitudinal"
"247" 0.45 "1_damage2836" "resource" -2.08157741964662 -2.09196039379723 -2.02751825907166 -2.05412116148924 -2.15561098555877 -2.06278549791292 -2.07974991198462 -2.08570938202369 -2.10937083801739 -2.14126356121588 0.961202691137108 0.905665051976633 1.01503229063502 "Longitudinal"
"248" 0.5 "1_damage2836" "resource" -2.08625091444197 -2.1417219167054 -2.0265658748971 -2.04448412389102 -2.15306696564939 -2.05695422589223 -2.08668935723537 -2.08873018795692 -2.10743066385002 -2.14698911193439 0.957001305323207 0.907731987213198 1.01588683384765 "Longitudinal"
"249" 0.55 "1_damage2836" "resource" -2.09017380399653 -2.19171444756856 -2.02561353653454 -2.0348472101638 -2.14739009010977 -2.05019805712133 -2.09362256735786 -2.090504243147 -2.10537755566603 -2.14830065415816 0.953695451951394 0.876778022061604 1.01674196045807 "Longitudinal"
"250" 0.6 "1_damage2836" "resource" -2.09335984427785 -2.23771277808927 -2.02466116692025 -2.02521037674019 -2.1391133964303 -2.0426006193713 -2.10055058504681 -2.09133233602136 -2.10320795634275 -2.14466339114625 0.951601868823262 0.841161558339204 1.0175977399459 "Longitudinal"
"251" 0.65 "1_damage2836" "resource" -2.09581643717329 -2.27586047457477 -2.02370873489264 -2.01557360127986 -2.12892473956326 -2.03421805726265 -2.10747454305586 -2.0914768717932 -2.10092094742982 -2.1357308549025 0.950983755083202 0.812610008840634 1.02579512090478 "Longitudinal"
"252" 0.7 "1_damage2836" "resource" -2.09752120483244 -2.30320433826366 -2.02275625227736 -2.00593688430806 -2.11738689740835 -2.02508989992042 -2.11439512745108 -2.09111760372973 -2.0985218039612 -2.12141607119556 0.952031484270005 0.792682652387744 1.03455032774103 "Longitudinal"
"253" 0.75 "1_damage2836" "resource" -2.09840310802955 -2.31808383298678 -2.0218037552088 -1.99630024121919 -2.10467701718471 -2.01525629478712 -2.12131225307968 -2.09035447355898 -2.09602425563495 -2.10192087219088 0.954851824980779 0.782024659267213 1.04337006539907 "Longitudinal"
"254" 0.8 "1_damage2836" "resource" -2.09834259069308 -2.32027548392077 -2.02085128384674 -1.98666368923651 -2.09046708202405 -2.00477482595884 -2.12822506172278 -2.08924438873628 -2.09344933944103 -2.07771980045479 0.959463859196548 0.780465766743814 1.05225461996113 "Longitudinal"
"255" 0.85 "1_damage2836" "resource" -2.09719725265916 -2.3108363972505 -2.01989887197359 -1.97702723566677 -2.07400491103388 -1.99373124220101 -2.13513221681809 -2.08784594795885 -2.09082069909301 -2.04951024539513 0.965802063562768 0.78719967173059 1.06120428468369 "Longitudinal"
"256" 0.9 "1_damage2836" "resource" -2.09484618233374 -2.29166236107269 -2.01894654861254 -1.96739087247711 -2.0543628738716 -1.98224097676222 -2.14203235269254 -2.08624745800593 -2.08815837995808 -2.01814991227522 0.973729322375135 0.801039879573063 1.07021936535828 "Longitudinal"
"257" 0.95 "1_damage2836" "resource" -2.09123483541776 -2.26485703712874 -2.01799434464419 -1.9577545787358 -2.03074725377781 -1.97044141865771 -2.14892449186279 -2.08456649437014 -2.08547419543185 -1.98460282333946 0.983062332532024 0.820755064486479 1.07930017846167 "Longitudinal"
"258" 1 "1_damage2836" "resource" -2.08639999201133 -2.23207393384415 -2.01704229461422 -1.94811832866164 -2.00274164018016 -1.95847755592894 -2.15580828511769 -2.08292580823813 -2.08277094038339 -1.94990618546774 0.993607857064042 0.845457189982644 1.08844704386834 "Longitudinal"
